Students	200
1	10 28 21 39
2	1 26 24 12
3	24 31 8 30
4	20 34 27 17
5	32 8 39 5
6	31 25 22 15
7	29 6 22 21
8	1 20 39 24
9	28 34 35 30
10	37 8 19 17
11	9 38 27 8
12	33 6 8 9
13	26 10 29 35
14	10 25 8 34
15	4 23 40 16
16	3 25 26 18
17	36 33 29 15
18	20 4 9 38
19	38 32 39 14
20	31 3 20 18
21	35 16 4 18
22	11 40 14 30
23	19 13 12 5
24	22 3 19 13
25	19 4 37 30
26	32 33 27 39
27	18 3 29 6
28	10 31 38 32
29	11 9 1 40
30	25 8 10 22
31	2 7 15 4
32	21 4 3 9
33	21 15 18 9
34	39 27 38 3
35	37 34 40 13
36	4 28 18 27
37	13 33 32 17
38	30 20 19 1
39	36 34 1 30
40	1 18 32 14
41	39 3 16 36
42	8 25 7 3
43	40 26 23 19
44	28 8 23 37
45	22 4 32 24
46	25 6 37 14
47	33 34 2 37
48	1 11 39 25
49	16 13 29 7
50	21 26 11 6
51	2 12 29 40
52	16 31 24 29
53	17 26 3 36
54	36 22 29 19
55	3 30 10 12
56	3 4 30 1
57	40 38 35 15
58	35 36 25 16
59	25 8 30 6
60	12 27 32 31
61	27 39 37 15
62	9 1 3 16
63	24 5 11 16
64	26 30 11 29
65	38 12 10 36
66	26 36 10 4
67	14 7 25 11
68	24 29 25 5
69	28 37 19 14
70	6 12 23 30
71	3 36 14 7
72	26 10 25 16
73	26 23 4 9
74	2 29 23 7
75	34 32 39 29
76	8 2 27 28
77	40 9 3 7
78	25 7 37 4
79	5 11 13 29
80	28 23 36 12
81	36 26 29 13
82	17 18 35 31
83	37 21 19 25
84	19 9 39 2
85	38 21 27 8
86	22 29 23 20
87	1 9 38 40
88	27 24 10 28
89	18 21 37 24
90	30 29 38 11
91	24 33 21 20
92	9 27 16 8
93	9 10 33 22
94	32 37 22 1
95	21 29 30 40
96	15 30 36 7
97	24 3 21 16
98	21 34 32 4
99	17 14 9 1
100	31 33 16 4
101	26 34 4 6
102	39 17 2 20
103	12 4 2 1
104	27 19 5 39
105	30 23 8 34
106	36 24 12 30
107	11 30 15 22
108	12 22 35 1
109	24 16 35 34
110	3 9 10 23
111	5 9 24 29
112	34 40 10 23
113	21 37 13 32
114	32 29 28 16
115	8 35 20 17
116	18 25 19 29
117	6 34 29 20
118	33 16 39 36
119	14 19 7 15
120	21 25 32 30
121	2 11 37 13
122	38 25 28 29
123	37 15 2 40
124	29 15 17 4
125	22 26 31 7
126	26 24 22 32
127	33 37 2 15
128	13 17 36 4
129	26 25 34 8
130	18 19 36 9
131	32 24 6 20
132	11 38 27 39
133	36 15 20 10
134	3 13 11 9
135	14 4 19 5
136	39 15 24 10
137	21 11 14 10
138	10 36 38 28
139	13 29 24 8
140	19 12 38 16
141	17 12 9 35
142	35 11 3 5
143	37 24 28 5
144	11 6 4 18
145	24 37 39 15
146	30 8 1 25
147	22 28 23 33
148	32 36 12 33
149	12 11 31 2
150	28 40 10 19
151	23 24 21 3
152	23 33 36 22
153	11 25 39 28
154	24 2 19 32
155	19 38 15 30
156	20 10 19 9
157	22 34 13 21
158	6 18 28 30
159	17 32 25 15
160	10 27 31 39
161	19 20 9 15
162	18 35 13 27
163	16 31 23 15
164	36 5 37 33
165	28 2 1 13
166	4 19 10 40
167	21 31 30 34
168	1 33 14 9
169	36 21 19 9
170	24 31 12 36
171	7 8 4 22
172	27 14 25 12
173	2 14 8 3
174	12 35 21 3
175	23 21 39 4
176	27 10 34 4
177	19 36 18 40
178	4 22 6 5
179	23 9 14 1
180	3 37 18 24
181	23 4 6 21
182	19 21 31 16
183	33 14 26 22
184	13 6 25 10
185	11 39 18 27
186	28 7 31 10
187	35 16 20 39
188	19 29 25 6
189	15 29 39 18
190	4 38 11 20
191	13 34 1 14
192	10 19 37 6
193	3 29 14 39
194	27 8 33 23
195	34 1 30 18
196	28 24 38 33
197	34 15 21 8
198	37 13 35 28
199	33 21 5 6
200	37 3 32 20
