Students	200
1	26 21 20 16
2	5 28 29 3
3	26 6 18 30
4	31 15 38 18
5	40 4 12 11
6	17 15 39 19
7	34 4 24 26
8	1 33 10 9
9	36 15 24 34
10	3 1 31 23
11	27 18 21 38
12	37 34 24 23
13	3 31 22 19
14	32 12 40 39
15	7 15 25 33
16	9 39 25 1
17	23 27 9 29
18	23 19 12 26
19	9 40 11 39
20	17 23 29 40
21	27 38 6 35
22	40 20 36 38
23	5 3 36 9
24	37 26 23 38
25	16 27 2 10
26	39 20 24 12
27	11 15 17 28
28	30 6 37 23
29	17 1 15 11
30	37 12 14 7
31	33 1 11 2
32	10 32 12 17
33	16 30 19 15
34	15 10 26 22
35	16 30 18 3
36	25 35 21 19
37	23 2 38 21
38	29 31 5 39
39	40 9 39 30
40	10 15 26 40
41	35 12 21 34
42	17 36 35 28
43	19 23 22 20
44	10 36 14 16
45	2 14 32 40
46	22 10 8 39
47	35 39 7 2
48	40 25 6 12
49	9 34 21 10
50	5 9 25 35
51	34 37 13 29
52	10 35 29 2
53	8 15 32 22
54	9 7 30 18
55	32 40 3 9
56	12 37 1 34
57	21 30 3 8
58	28 30 34 39
59	29 18 24 26
60	13 14 25 8
61	3 8 13 22
62	36 16 20 15
63	21 24 11 28
64	29 16 7 2
65	40 19 22 36
66	18 10 25 40
67	27 5 2 28
68	30 14 8 36
69	6 28 35 7
70	12 24 7 27
71	15 19 30 32
72	16 25 8 14
73	11 13 22 27
74	18 14 34 2
75	26 28 39 4
76	31 28 30 34
77	39 6 22 25
78	12 19 21 2
79	4 14 39 18
80	9 32 6 40
81	27 39 29 26
82	21 19 5 18
83	14 40 16 21
84	33 7 11 21
85	16 3 4 37
86	34 26 14 2
87	39 37 7 1
88	15 9 30 14
89	23 32 14 7
90	31 26 34 19
91	9 2 12 28
92	7 38 31 5
93	20 24 23 25
94	8 12 38 13
95	1 23 8 37
96	1 28 10 19
97	35 34 33 40
98	13 12 21 23
99	29 8 20 3
100	14 38 24 31
101	7 18 37 36
102	28 6 21 23
103	3 6 8 38
104	14 9 13 36
105	18 1 14 5
106	9 33 22 1
107	11 20 1 24
108	4 34 32 10
109	14 33 16 17
110	3 16 5 13
111	24 15 5 8
112	17 24 26 14
113	5 17 25 9
114	31 13 19 18
115	28 39 6 37
116	39 5 33 13
117	21 13 32 10
118	34 17 22 6
119	25 30 1 31
120	20 8 32 15
121	39 25 20 18
122	40 1 15 31
123	15 13 19 31
124	10 35 22 11
125	34 20 40 39
126	11 21 22 24
127	26 28 16 32
128	36 12 29 24
129	2 18 11 23
130	29 39 28 34
131	9 29 15 7
132	34 36 12 24
133	8 22 31 7
134	40 17 33 31
135	19 15 4 24
136	22 30 10 13
137	25 17 32 34
138	34 17 31 25
139	3 31 26 22
140	18 37 4 38
141	4 30 7 12
142	7 6 35 34
143	31 17 4 14
144	11 10 26 29
145	27 36 17 14
146	6 3 21 16
147	38 3 5 18
148	37 13 29 34
149	9 11 39 22
150	17 29 6 38
151	22 14 40 13
152	26 32 5 34
153	17 12 14 7
154	10 36 18 33
155	17 40 22 16
156	40 2 23 24
157	10 21 32 9
158	24 39 28 18
159	29 37 3 16
160	5 20 27 32
161	23 37 6 24
162	6 2 4 26
163	4 27 29 25
164	40 38 5 6
165	20 32 25 31
166	27 5 8 40
167	35 32 10 5
168	13 6 12 36
169	29 37 32 23
170	36 23 30 20
171	9 40 14 7
172	5 39 36 37
173	16 7 12 13
174	3 40 9 13
175	30 15 13 28
176	39 16 13 14
177	40 32 12 6
178	19 5 8 33
179	8 9 35 29
180	40 36 14 19
181	40 17 8 11
182	18 30 6 14
183	12 4 34 25
184	12 21 6 23
185	35 39 16 9
186	8 19 39 11
187	13 4 24 25
188	23 26 22 40
189	17 6 3 18
190	37 18 32 40
191	4 3 23 22
192	32 39 40 34
193	22 25 3 15
194	7 19 39 21
195	33 29 31 13
196	10 25 9 27
197	22 40 12 35
198	18 17 28 31
199	13 5 11 2
200	34 6 24 13
