Students	200
1	40 1 30 14
2	37 21 1 16
3	27 36 5 18
4	2 15 10 1
5	3 26 13 5
6	14 30 1 29
7	36 24 7 12
8	37 30 5 8
9	18 36 33 23
10	23 21 27 17
11	39 19 35 12
12	5 2 35 25
13	8 5 6 39
14	34 23 19 38
15	25 26 13 29
16	9 18 28 35
17	38 5 8 14
18	4 19 40 13
19	1 10 21 7
20	16 24 5 17
21	29 10 25 16
22	21 34 27 18
23	17 11 23 15
24	30 27 3 23
25	35 36 11 24
26	4 5 10 8
27	10 23 11 38
28	23 11 10 16
29	20 26 39 34
30	17 21 7 26
31	8 1 29 35
32	26 35 16 23
33	2 10 34 37
34	2 20 31 17
35	20 17 8 27
36	30 20 34 36
37	8 28 11 25
38	12 15 16 35
39	17 25 19 21
40	2 31 40 10
41	17 6 33 32
42	36 8 7 5
43	22 3 8 15
44	10 38 39 1
45	17 24 35 14
46	14 10 32 13
47	18 8 36 29
48	25 39 30 28
49	31 25 5 28
50	36 20 28 18
51	17 11 2 7
52	14 6 31 12
53	11 37 2 39
54	29 33 24 20
55	3 34 11 19
56	40 19 22 35
57	38 11 29 27
58	30 12 13 36
59	25 2 34 17
60	29 31 10 5
61	32 11 23 31
62	28 30 6 3
63	29 19 1 36
64	40 29 38 23
65	36 25 24 9
66	6 25 16 5
67	2 10 11 38
68	35 40 37 4
69	38 12 4 16
70	39 11 36 16
71	28 11 14 23
72	15 30 24 10
73	10 14 11 4
74	32 28 24 20
75	15 29 28 39
76	9 40 12 5
77	25 17 13 38
78	12 16 14 22
79	11 28 2 12
80	25 10 15 5
81	28 31 25 5
82	40 4 24 26
83	3 35 24 21
84	7 40 23 36
85	29 12 33 18
86	25 6 14 16
87	20 39 6 7
88	8 38 39 26
89	12 18 31 36
90	1 29 9 34
91	19 6 7 26
92	22 13 18 3
93	24 34 33 20
94	36 31 35 26
95	4 39 3 19
96	35 5 19 20
97	19 4 6 15
98	3 24 12 39
99	30 12 32 2
100	10 12 24 35
101	3 38 6 19
102	10 17 2 6
103	5 31 16 21
104	40 11 31 4
105	12 24 40 16
106	9 25 20 8
107	23 2 11 20
108	31 24 16 14
109	2 25 29 21
110	3 15 9 1
111	39 10 22 12
112	6 37 13 2
113	9 28 22 38
114	28 19 37 18
115	2 34 30 35
116	12 25 5 6
117	25 36 11 31
118	33 39 1 8
119	4 24 8 26
120	6 22 21 9
121	35 25 24 40
122	25 24 9 16
123	37 40 1 5
124	24 3 14 37
125	18 30 15 19
126	32 11 38 31
127	27 37 5 20
128	35 32 29 36
129	13 32 31 40
130	26 2 5 35
131	39 14 35 33
132	5 26 17 1
133	16 11 40 27
134	26 30 12 7
135	18 24 7 9
136	39 22 29 33
137	28 5 27 19
138	19 20 8 12
139	19 33 1 2
140	18 6 34 22
141	32 1 16 30
142	6 20 40 33
143	21 37 15 23
144	34 26 31 21
145	12 28 10 16
146	28 31 33 40
147	30 10 32 11
148	2 31 22 19
149	15 10 14 19
150	5 38 27 13
151	19 17 1 7
152	25 39 33 6
153	16 8 40 27
154	18 39 13 12
155	39 21 11 3
156	30 40 11 13
157	12 25 2 5
158	15 5 12 11
159	32 11 16 15
160	23 31 27 10
161	16 25 34 18
162	39 4 9 7
163	35 17 5 27
164	23 8 12 37
165	20 22 33 12
166	13 6 10 39
167	30 32 12 35
168	18 1 2 27
169	8 20 25 30
170	8 38 31 32
171	1 15 36 29
172	33 1 19 22
173	3 39 13 37
174	6 1 31 36
175	13 37 11 35
176	26 31 40 2
177	1 13 20 30
178	15 37 14 18
179	7 15 38 36
180	10 37 16 35
181	37 20 26 18
182	9 33 8 40
183	2 8 28 33
184	36 22 24 35
185	8 1 19 27
186	2 22 14 1
187	37 18 21 30
188	39 28 2 5
189	7 12 18 16
190	18 6 28 33
191	38 31 37 36
192	26 7 30 36
193	11 30 25 35
194	28 4 24 12
195	18 13 35 14
196	29 18 16 21
197	27 3 25 34
198	39 38 4 8
199	21 30 18 7
200	21 4 14 33
