Students	200
1	7 34 36 4
2	13 19 8 30
3	10 32 17 24
4	18 19 23 38
5	16 10 23 7
6	39 7 2 10
7	29 4 34 33
8	16 40 6 10
9	26 29 22 31
10	5 34 25 3
11	37 3 31 35
12	27 12 28 14
13	25 28 10 27
14	14 37 2 24
15	30 24 9 21
16	39 22 14 11
17	27 8 14 32
18	39 37 26 16
19	21 12 27 20
20	34 22 14 6
21	24 20 6 3
22	14 1 22 10
23	18 38 12 1
24	4 19 17 13
25	12 1 36 31
26	6 33 22 37
27	38 25 22 24
28	12 26 17 36
29	4 11 30 21
30	13 31 11 35
31	3 8 27 25
32	29 14 36 4
33	15 22 38 3
34	3 38 10 33
35	3 22 27 28
36	25 16 3 2
37	2 20 32 28
38	26 12 37 13
39	21 5 24 15
40	31 23 38 19
41	16 3 29 19
42	17 39 13 32
43	26 10 3 34
44	6 37 23 16
45	11 14 35 27
46	11 10 37 35
47	29 4 33 38
48	22 25 7 14
49	28 18 1 4
50	18 9 1 33
51	36 14 19 35
52	25 11 35 3
53	31 2 13 24
54	23 33 26 17
55	13 6 36 7
56	2 20 4 22
57	31 3 23 8
58	2 24 11 32
59	34 1 32 15
60	28 32 27 25
61	14 38 7 29
62	17 10 2 16
63	6 14 20 11
64	30 20 38 21
65	26 29 38 20
66	22 13 14 33
67	6 25 28 36
68	15 18 5 1
69	32 24 4 33
70	8 5 36 14
71	25 11 8 39
72	12 32 5 2
73	26 39 37 40
74	22 18 35 40
75	5 40 7 29
76	36 32 25 15
77	3 30 40 15
78	30 27 10 11
79	15 40 19 25
80	16 11 5 34
81	3 26 18 24
82	4 11 28 21
83	32 34 10 37
84	18 37 17 15
85	21 8 24 35
86	34 13 15 39
87	18 6 3 34
88	21 18 5 9
89	8 25 39 3
90	2 37 19 35
91	8 26 36 28
92	19 11 29 30
93	25 36 37 3
94	39 26 23 40
95	33 35 23 27
96	18 37 5 32
97	9 37 16 13
98	38 26 2 31
99	23 12 30 24
100	18 35 27 20
101	8 33 17 37
102	28 30 7 21
103	29 2 26 33
104	38 9 32 11
105	35 8 17 9
106	8 36 12 26
107	24 35 8 22
108	33 10 12 14
109	36 16 20 33
110	34 18 17 37
111	8 7 34 38
112	4 37 23 17
113	31 39 32 10
114	31 35 21 8
115	34 24 30 8
116	23 35 29 4
117	36 33 17 5
118	4 20 21 36
119	9 39 28 40
120	22 4 2 20
121	19 7 20 38
122	35 20 1 16
123	22 21 7 15
124	4 14 7 25
125	17 11 20 23
126	1 30 34 40
127	2 4 18 31
128	23 22 1 28
129	20 14 7 13
130	9 16 17 14
131	14 36 40 20
132	38 5 14 40
133	16 37 40 19
134	21 15 39 40
135	33 20 18 39
136	1 26 36 7
137	9 34 23 38
138	40 8 25 38
139	31 23 10 7
140	12 5 27 25
141	3 39 5 27
142	6 1 39 35
143	17 7 27 14
144	27 38 7 22
145	20 13 34 4
146	9 33 4 19
147	18 10 9 13
148	32 21 7 28
149	32 2 33 16
150	30 34 1 15
151	3 15 12 1
152	27 8 36 39
153	38 17 8 15
154	38 15 36 34
155	25 31 18 17
156	17 4 36 27
157	36 26 4 2
158	19 1 4 34
159	7 3 13 26
160	26 19 8 40
161	27 10 3 15
162	20 10 26 39
163	32 31 22 17
164	34 32 5 17
165	38 23 21 2
166	10 39 12 9
167	14 30 17 36
168	29 18 1 16
169	29 28 24 23
170	38 39 29 17
171	13 39 22 9
172	8 21 20 35
173	9 35 1 4
174	31 23 10 22
175	3 18 34 24
176	33 21 29 18
177	19 29 9 22
178	7 23 21 6
179	2 21 34 23
180	13 11 28 34
181	17 13 34 6
182	21 24 27 39
183	28 36 16 6
184	32 4 11 10
185	1 12 35 27
186	25 26 16 12
187	31 25 14 33
188	4 35 27 1
189	24 12 38 4
190	34 12 35 25
191	20 9 11 18
192	34 38 17 37
193	32 29 4 39
194	16 8 23 18
195	33 29 13 18
196	1 24 8 26
197	10 33 24 32
198	39 30 24 11
199	6 25 5 12
200	12 11 37 4
