Students	200
1	22 38 24 29
2	34 38 39 11
3	27 15 8 7
4	34 11 7 31
5	8 32 27 28
6	25 28 33 26
7	27 40 7 17
8	32 26 5 40
9	1 2 8 38
10	28 37 24 39
11	20 8 32 17
12	33 4 8 26
13	24 9 6 32
14	32 13 30 34
15	14 3 2 31
16	22 29 17 12
17	4 8 13 12
18	28 23 22 36
19	6 16 11 21
20	4 18 23 1
21	19 14 5 30
22	25 6 32 20
23	27 10 12 31
24	25 31 17 19
25	14 18 1 11
26	13 27 12 24
27	24 31 18 25
28	39 34 25 16
29	33 11 8 28
30	13 39 6 21
31	36 13 17 10
32	28 24 35 19
33	23 13 37 35
34	12 13 3 40
35	4 17 6 34
36	8 15 29 9
37	37 30 1 33
38	25 6 30 18
39	22 39 27 11
40	31 40 27 6
41	33 21 15 13
42	20 12 19 8
43	17 29 19 2
44	32 1 13 34
45	33 30 11 32
46	37 40 10 5
47	28 26 11 5
48	20 33 25 32
49	29 25 6 2
50	3 25 20 24
51	8 18 17 31
52	10 6 40 16
53	38 25 19 29
54	15 32 20 2
55	3 7 27 4
56	34 27 21 7
57	16 19 24 33
58	32 22 16 34
59	10 32 26 33
60	19 14 9 12
61	12 14 11 27
62	18 26 29 8
63	7 20 31 33
64	25 24 10 5
65	26 5 13 29
66	12 4 11 37
67	34 4 7 5
68	19 29 23 14
69	39 2 1 8
70	6 29 36 20
71	8 9 24 36
72	14 7 37 20
73	11 4 17 33
74	29 8 32 12
75	40 2 1 5
76	4 18 28 29
77	27 26 18 14
78	31 30 4 13
79	18 5 13 22
80	22 3 19 30
81	23 30 2 29
82	13 10 38 27
83	39 25 18 14
84	5 35 1 19
85	7 13 32 3
86	3 1 18 10
87	25 13 26 30
88	10 31 5 28
89	34 32 18 6
90	8 16 7 9
91	19 13 29 8
92	14 10 7 12
93	29 1 38 22
94	3 14 13 4
95	2 38 37 21
96	16 23 33 7
97	7 40 32 36
98	5 8 13 9
99	3 8 9 4
100	38 29 32 10
101	26 11 20 34
102	37 2 28 40
103	29 6 23 36
104	16 38 9 40
105	4 3 26 38
106	1 6 36 20
107	17 35 38 23
108	18 35 25 24
109	35 22 24 8
110	8 29 16 33
111	38 33 27 35
112	16 19 9 38
113	37 1 12 10
114	12 20 7 34
115	34 14 3 17
116	9 18 17 7
117	20 35 21 16
118	22 1 20 18
119	38 26 3 29
120	15 9 4 24
121	38 13 23 36
122	34 3 30 40
123	34 5 17 35
124	28 9 15 6
125	1 21 29 16
126	35 3 40 26
127	15 38 37 4
128	27 14 40 25
129	10 38 30 33
130	40 9 20 30
131	6 38 7 14
132	21 6 28 31
133	31 10 21 17
134	23 39 13 22
135	31 3 21 1
136	22 15 32 38
137	21 5 34 24
138	23 26 4 3
139	22 39 26 36
140	7 20 8 19
141	38 6 9 1
142	30 20 17 40
143	27 38 9 21
144	27 38 12 34
145	13 12 10 19
146	24 37 25 10
147	2 21 36 4
148	17 4 6 30
149	2 31 1 19
150	31 9 5 24
151	5 19 38 23
152	11 16 18 22
153	31 18 34 40
154	37 10 27 23
155	35 30 36 32
156	11 36 8 26
157	34 26 28 12
158	7 39 29 19
159	35 23 10 33
160	29 28 7 13
161	38 7 10 21
162	28 34 12 32
163	2 31 35 24
164	21 19 37 7
165	20 19 33 25
166	2 20 32 40
167	26 3 36 33
168	10 16 15 29
169	12 17 35 38
170	9 27 4 18
171	34 20 21 9
172	38 17 20 8
173	34 29 17 27
174	30 2 8 37
175	27 5 2 29
176	3 20 13 23
177	35 21 27 1
178	11 28 21 24
179	37 35 17 7
180	21 18 34 29
181	40 13 38 26
182	13 37 16 33
183	3 11 7 25
184	34 29 23 38
185	23 20 24 14
186	22 29 18 15
187	8 10 17 20
188	7 38 26 11
189	19 35 28 14
190	26 11 8 12
191	40 20 9 23
192	11 22 27 26
193	18 23 25 4
194	30 14 38 36
195	37 24 40 1
196	31 2 39 13
197	21 28 9 4
198	7 30 18 26
199	29 23 25 18
200	33 15 36 40
