Class Times	7
Rooms	10
1	325
2	669
3	590
4	852
5	921
6	401
7	253
8	761
9	379
10	631
Classes	40
Teachers	20
1	14
2	14
3	4
4	7
5	1
6	6
7	13
8	5
9	3
10	17
11	8
12	19
13	8
14	3
15	9
16	5
17	2
18	17
19	19
20	13
21	9
22	10
23	2
24	4
25	10
26	15
27	7
28	15
29	12
30	1
31	6
32	20
33	11
34	20
35	12
36	18
37	16
38	16
39	18
40	11
Class Times	7
Rooms	10
1	777
2	548
3	187
4	325
5	713
6	383
7	120
8	407
9	637
10	285
Classes	40
Teachers	20
1	3
2	15
3	6
4	13
5	9
6	5
7	16
8	2
9	20
10	3
11	2
12	15
13	7
14	16
15	14
16	8
17	9
18	14
19	10
20	5
21	17
22	12
23	13
24	12
25	10
26	7
27	1
28	1
29	4
30	4
31	19
32	8
33	19
34	6
35	18
36	11
37	17
38	18
39	20
40	11
Class Times	7
Rooms	10
1	692
2	257
3	80
4	822
5	25
6	80
7	843
8	984
9	322
10	407
Classes	40
Teachers	20
1	13
2	16
3	5
4	14
5	1
6	9
7	6
8	6
9	9
10	1
11	4
12	20
13	20
14	12
15	8
16	17
17	8
18	3
19	19
20	10
21	10
22	12
23	3
24	16
25	4
26	7
27	17
28	2
29	15
30	7
31	11
32	11
33	19
34	5
35	13
36	14
37	15
38	18
39	18
40	2
Class Times	7
Rooms	10
1	248
2	258
3	298
4	236
5	974
6	283
7	815
8	798
9	267
10	957
Classes	40
Teachers	20
1	12
2	15
3	13
4	16
5	7
6	17
7	14
8	1
9	16
10	7
11	14
12	11
13	5
14	5
15	15
16	18
17	19
18	19
19	20
20	9
21	4
22	18
23	2
24	12
25	3
26	6
27	2
28	17
29	4
30	20
31	10
32	13
33	8
34	8
35	6
36	10
37	1
38	11
39	3
40	9
