Students	1090
1	1
2	2 3 4
3	5 6 2 7
4	8 9
5	10
6	11 12 13
7	14
8	15 14
9	16
10	17 18 19 12
11	20 9 21
12	22 23 24
13	25 26 27
14	2
15	28 29 30
16	31 8
17	32
18	33 34 14
19	35 36
20	28
21	37 38 32
22	39 40 41 42
23	16 43 44
24	45 46
25	47 48 49
26	19 50
27	11 13
28	51 52
29	43 53
30	5
31	54
32	55 56 57 58
33	59 60 52 61
34	62 63
35	25 26 27
36	64 31 65 66
37	67 40 41 68 69
38	70 30 12
39	71 47 72 73
40	74 75 76
41	77 78 79
42	24 28 80
43	23 81 82 83
44	61
45	64 66 84
46	49
47	64 31 85 86
48	87 88 89
49	43 90
50	91 75
51	47 34 14 92
52	6 68 52 93
53	78 33 34
54	94 95 84 96
55	41 42
56	97 72 76
57	98 16 72
58	53 14
59	99 45
60	92 100
61	31 96
62	101 55 102 58
63	103 70 29 30
64	72 78 76
65	104 105 33 9
66	81 103 106 90 76
67	107 108 109
68	23 110
69	52 61 50
70	40 38
71	85 111 21
72	22 24 89
73	44 90
74	112 113 32
75	53 114 61
76	24 115
77	116 44 61 117
78	53 57 14
79	63 11 13
80	72
81	118 119 72
82	70 30 100
83	81 113 58 12
84	114 61 93
85	17 95 12
86	9
87	120 4
88	48 56 121
89	31 122
90	123 124 120
91	64 65 66
92	125 52 61 126
93	98 127
94	128 61
95	8
96	129 130 92 76
97	38 105 131
98	120 81 12
99	44 60 61
100	31 16 17 49
101	47 132 52 61
102	133 32 76
103	106 44 60 61
104	134 111
105	60 69
106	135 136 74 50
107	51 137 49 90
108	6 52 61 138
109	53 29 30 13
110	72 139
111	34 14 54
112	48 2
113	140 30 12
114	17 63 131
115	141 120
116	142 122 115 80
117	25 143
118	144 145 5
119	72
120	64 146 24
121	48 51 70 50
122	90 76
123	38
124	135 136 37 147
125	31 124 120
126	2 27
127	66 23 70
128	100 126
129	148 103 43
130	31 149 150 151
131	111 150 151
132	78 30 12
133	111 152
134	64 141 112
135	153 154 155
136	120
137	17 38 12
138	124 120 28
139	29 140 30
140	71 32 90
141	124 120 105 12
142	27 114 96
143	120 83
144	131 12
145	78 105 131
146	139 58
147	36 70 30 12
148	65 90
149	99 133 45 90
150	156 154
151	64 66 96
152	124 120 84
153	87 89 83
154	64 66 17 84
155	157 43 44
156	6 52 61
157	14 126
158	98 129 50
159	101 158
160	122 61 69
161	70 29 30 159
162	135 74 43
163	160 70 29 27
164	16 73 44 27
165	102 2 33 14
166	143 42 122 12
167	14
168	25 120 12
169	161 124 120
170	162 163 84 74
171	56
172	164 33 14
173	47 154 61 49
174	135 74 90
175	72
176	60 61
177	61 1 93
178	91 134
179	119 97 165 117
180	53 46 134 111
181	85 34
182	166 167 134 52
183	53 168 63 11
184	56 60 58 54
185	64 146 66 100
186	37
187	23 169 109
188	78 104 137
189	70 52
190	170 171 140 30
191	64 149 33 172
192	148 173
193	69
194	31 146 163 27
195	174 103 76
196	43 44
197	145 33 14
198	120 81 4
199	43
200	169 149
201	107 175 2 158
202	154 134 111 12
203	168 11
204	130 176 106 44
205	31 150 151
206	95 96
207	17 85
208	144 99 133 90
209	177 38 33 172
210	44 102
211	31 178 43 44
212	16 97 72 76
213	129 179 133
214	64 66
215	55 150 121
216	53 56 8
217	64 66 84 9
218	153 68 61
219	131 180
220	64 66 112
221	141 17
222	53 180
223	163 181 165
224	182 183 72 80
225	16 42 54
226	135 112 51 99
227	31 35 38 184
228	23 24 115
229	64 66
230	148 99 133
231	153 172
232	129 133 122 55
233	182 97 81
234	185
235	78 113 186 21
236	51 187 76
237	67 98 76
238	6 188 187
239	24 80
240	114 61 4
241	61 93
242	174 29 30 189
243	190 13
244	71 92 159
245	181 58
246	47 39 72
247	72
248	71 70 29
249	19 57 33 191
250	167 30 49
251	130 48
252	61 69
253	37 84 154 29 30
254	177 52 61
255	84 122 192
256	47 193 74 154
257	192 43 44
258	5 41 116 149
259	60 194 195
260	124 120
261	168
262	40 41 116 149
263	174 29 30 12
264	139 113 105
265	70 29 30
266	105 173 57
267	20 180
268	141 17
269	107 131 11
270	38 105 13
271	94 87 169 149
272	43 44 165
273	94 130 196 197
274	19 63 131
275	85 49
276	165 52 186 21
277	198 76
278	199 61 12
279	200 70 140 189
280	25 182 72 122
281	53 29 30 13
282	24 163
283	153 172
284	77 182 78
285	57 75 69
286	71 19 126
287	144
288	87 2
289	99 175 32
290	126 54
291	25 2 111
292	143 27 33 14
293	94 70 113 189
294	190 70 189 187
295	64 130 17 113
296	71 49
297	19 61 137
298	55 114 61 117
299	24 201 70 80
300	43 44 92 12
301	190 81 70 30
302	64 66 12
303	74
304	40 84 52 61
305	64 66 118
306	53 114 61
307	78 202 111 21
308	197 63 131
309	140 150 159 121
310	25 120 8
311	143 5 203 2
312	137
313	204 33 14
314	160 161 125 70
315	31 118 26
316	23 139 205 83
317	156 93
318	60 137 117
319	140 150 206 12
320	103
321	105 168 90 13
322	70 30 34 12
323	48 76
324	52 61
325	207 10 170 171
326	81 122 184
327	64 161 104 27
328	25 26 2 8
329	94 118 174 28
330	146 208 79 80
331	71 103 165 185
332	179 209 68
333	122 157 192
334	210 53 113
335	211 70 189
336	107 28 154
337	211 212
338	213 179 103
339	52 138
340	34
341	154
342	94 214 27 92
343	144 103
344	135
345	84 79 147 70
346	107 114 57
347	211 215 154
348	31 53 165 111
349	5 40 114 216
350	64 17 27 173
351	70 29 140 150 206
352	136 134 57
353	160 3 12
354	65 116 38
355	217 159 218 21
356	8 60 114 92
357	160 161 125 189
358	6 187
359	81 169 8
360	122 192 2
361	17 103 107 27
362	141 214
363	17 104 8 27
364	148 78 104 113 219
365	179 103 107 176
366	71 213 220
367	202 74
368	78 33 34
369	26 5 84 216
370	119 97 221
371	94 141 130 174
372	29 189
373	25 161 120 12
374	141 17 180
375	142 208 81 79
376	65 66 71 187
377	81 107
378	31 141 17 154
379	160 161 84 27
380	53 55 86
381	28 132 222 223
382	77 51 99 220
383	25 143 220 224
384	71 220 224 195
385	132 70 60 52
386	25 160 104
387	53 46 38 105
388	91 94 130 26
389	107 38 105 50
390	221 116 2 38
391	31 16 118 26
392	71 125 156
393	94 17 106 12
394	213 78 70 189
395	33 191
396	71 47 180
397	31 22 8 12
398	130 17 27 173
399	213 78 104 189
400	55 38 11
401	8 150 12
402	135 77 107 99
403	18 2 219 4
404	143 89 210 184
405	169 149 197 93
406	107 99 75
407	202 73 186
408	31 23 81 80
409	53 100
410	46 38 105 173
411	16 26 101 55
412	136 70
413	110 19 68 69
414	2 114
415	135 209
416	77 39 18 78
417	6 41 196
418	154 19 68
419	85 26
420	91 203 84 122
421	179 175 46
422	41 27 113 100
423	97 102
424	25 81 103 107
425	149 29 140 189
426	77 182 122
427	73 165 75 69
428	82 9
429	203 104 180
430	26 213 104 92
431	148 213 179 113
432	8 19 218 93
433	179 201 38
434	71 190 213
435	125 122 2 165
436	213 163
437	165 204 33 75
438	106 43 169 149
439	26 169 149
440	25 86
441	166 70 29
442	168
443	160 161 104
444	25 19 113 126
445	71 140 137
446	103 107 99
447	71 51 133 187
448	28 132 55 92
449	51 2 199
450	71 2 38 126
451	211 47 97 113
452	142 47 39 177
453	116 177 225 53
454	118 26 96
455	51 105 75
456	213 176 53 38
457	71 190 60
458	39 106 184
459	129 26 96
460	179 107 53 38
461	18 2 92
462	226
463	213 78 203 197
464	122 2 134 15
465	16 2 165 111
466	77 78 70 140
467	136 101 201 2 60
468	94 174 27 92
469	60 52 61
470	190 105 63
471	176 60
472	130 19 219 68
473	141 16 12
474	70 29 30 61
475	161 104 27 12
476	171 29
477	143 103 176
478	216 33 191
479	161 84 27
480	81 194 195
481	35 178 201 197 180
482	71 15 219
483	78 219 52
484	210 175 53 49
485	143 87 210 111
486	18 8
487	104
488	71 176 86 56
489	47 169 126 187
490	91 82 222 147
491	60 52 61
492	28 132
493	70 27 189 187
494	173 34
495	213 165
496	70 219
497	154 219
498	41 176 128
499	227 2 105 131
500	225 219
501	29 140 189
502	148 18 156 2
503	23 148 100 83
504	25 122 156
505	130 153
506	91 228 213 229
507	143 200 19
508	178 135
509	127 203 53 197
510	179 52
511	213 200 151 206
512	31
513	23 5 41 104
514	6
515	25 213 28
516	64 130 17 27
517	77 105 168 137
518	92 230
519	78 104 168
520	161 104 27
521	103 90
522	78 28 231 113
523	113 204 34
524	18 200 197 100
525	94 104 96
526	146 65 16 154
527	203 2 63 216
528	64 31 55
529	165 32 75
530	25 46
531	229 104 185 126
532	18 156 3 185
533	129 25 203 19
534	217 41 68 168
535	143 18 175 2
536	135 81 122 53
537	31 130
538	5 103 104 197
539	203 2 32
540	5 70 29
541	231
542	94 118 96
543	25 26 213 113
544	18 198 137
545	204 57 33
546	25 213 203 198
547	47 39
548	31 16 26
549	79 83 80
550	148 105 168
551	77 97 209
552	199
553	62 17 4
554	16 60
555	23 115
556	209 61 75
557	122 204 33 172
558	25 26 213 200
559	113 52 158
560	136 213 104 147
561	110
562	129 213 107 168
563	74 102 165 180
564	17 95 102 3
565	103 51 99 84
566	25 26 28 113
567	31 74 73 44 187
568	202 105 173
569	60
570	77 57 4
571	71 107
572	143 87 201 2
573	29 140 30
574	77 211 39 231
575	31 146 228 213 126
576	91 18 2 4
577	77 145 18 92
578	91 35 213 180
579	125 122 154 92
580	213 201
581	143 18 198 8
582	56 197
583	31 130 78 173
584	107 51 76
585	18 163 149 198
586	78 104 110 92
587	116 229 70 189
588	25 26 81 104
589	130 227 2 137
590	101 8 113 7
591	26 2 27 4
592	31 146 213 197
593	55
594	81 104
595	16 78 53 2
596	26 213 104 27
597	91 146 231
598	25 227 213 2
599	91 64 101 104
600	221 8 92 230
601	176
602	143 163
603	213 82
604	163 2 8
605	31 142 23 25
606	130 231 100 75
607	213 114
608	177 28 38 105
609	78 53 105 173
610	179 149 8 197
611	67 135 8 15
612	91 116 104
613	71 176 156
614	77 211 39 193
615	81 78 204 158
616	39 176 101 154
617	16 26 28 104
618	25 18 200 2
619	213 79 222
620	142 104 232
621	71 103 203 185 75
622	143 133 2 195
623	213 104 110 92
624	213 110 105 92
625	213 203 2 219
626	71 225 68 187
627	209 100 93
628	77 53 204 92
629	91 64 179 197
630	26 198 27
631	64 25 2 63
632	18 38 92 32
633	78 203 101 113 126
634	91 213 176
635	101 122 149 2
636	209 104 27 230
637	39 218
638	203 104 105 230
639	213 28
640	51 84 113 100
641	91 213 201
642	25 81 79 27
643	203 233 113 68
644	18 19 197 138
645	64 144 213 137
646	177 103 202 209
647	25 26 46 8
648	136 75
649	91 23 71 101
650	213 101 87 104
651	26 205 104 27
652	78 116 53 19
653	71 38 92 230
654	25 213 200 2
655	143 213 231 63
656	71 113 75
657	91 16 84 126 187
658	213 104 105 92
659	91 31 227 176
660	103 176 104 113
661	71 5 6 137
662	136 213 229
663	148 26 81 57
664	146 47 138
665	26 104 27
666	71 176 8 218
667	146 65 213 163
668	213 5 200 104
669	25 2 38
670	91 101 205 154
671	18 175 2 92
672	213 181 104
673	71 106 209 154
674	84 75
675	136 213
676	213 197 204 138
677	26 201 139
678	129 190 107
679	46 173 187
680	26 104 29 38
681	25 26 59 57
682	91 113 219
683	25 213 173 12
684	213 78 203 204
685	190 213 107 113
686	213 203 214
687	47 78
688	63 216
689	5 2 197 173
690	77 213
691	103 2 19 168
692	177 201 113 126
693	148 107 176 197
694	25 26 104 12
695	213 38 75 230
696	5 209 2 204
697	26 104 27
698	81 78 233 104
699	78 113
700	71 106 108 75
701	148 16 26 104
702	16 216
703	196 231 154 187
704	25 143 176 104
705	25 26 55 137
706	91 25 51 92
707	6 219
708	104 232
709	81 7
710	91 18 78 203
711	18 203 197 4
712	227 18 202 2
713	129 18 101 158
714	18 81 231 197
715	91 143 18 200
716	18 200 2 204
717	18 203 154 50
718	18 78 163 158
719	18 101 184
720	91 234 18 200 175
721	18 231 75
722	142 18 231 233
723	18 101 122
724	136 18 4
725	91 142 18 201 79
726	35 18 235 92
727	18 198
728	143 18 196 104
729	28 218
730	130 143 213 229
731	116 107 2 4
732	71 81 103 137
733	129 154 15 63
734	122 165
735	77 38 92 230
736	18 2 235 230
737	59 196 38 168
738	91 26 213 2
739	23 101 2
740	106 38 75
741	64 130 143 2
742	26 169 198 27
743	71 213 57
744	213 103 107 2
745	65 2 1
746	101 113 138
747	91 211 78 103
748	91 18 4
749	71 213 200
750	91 236 18 200
751	31 25 143
752	177 139 113
753	8 197
754	25 125 122 2
755	207 10 170 232 206
756	77 203
757	203 113 68 93
758	25 136 18 198
759	102 58
760	91 146 83
761	17 112 113
762	64 25 104 27
763	8 38 75 230
764	213 217 154
765	213 27 113
766	25 4
767	107 197 158
768	25 26 209 104
769	77 213 138
770	103 219
771	177 104 197
772	163 122 100
773	101 231 2
774	143 18 163 175
775	39 154
776	227 2 158 218
777	36 196 209 8 4
778	161 104 27
779	227 122 168
780	139 197 158 75
781	18 197 184
782	213 201 121
783	236 18 2
784	91 25 16 202
785	130 143
786	77 18 101 4
787	148 203 232 206
788	71 154 92
789	51 197 75
790	101 92
791	25 104 189
792	91 101 205
793	18 51 125
794	67 77 2
795	5 104
796	129 26 104 27
797	213 104 3
798	103 202 209
799	18 200
800	116 176 105 63
801	6 2 113
802	23 5 202 230
803	31 142 2 197
804	71 213 2 219 68
805	227 18 175 2
806	25 6 70 100
807	77 122 215 75
808	16 143 213 27
809	217
810	25 77 78 50
811	18 78 2 158
812	78 104 12 189
813	77 53 92
814	78 163 7
815	77 78 200 197
816	156 20 150 206
817	203 38 105 4
818	18 208 231 197
819	25 18 163 2
820	23 101 82
821	217 74 104
822	71 18 200
823	18 2 4
824	209 197 75
825	18 198 158
826	18 197 204 7
827	77 39 217 158
828	98 116 107
829	25 77 18 200
830	18 197 204 138
831	104 38
832	25 18 208 204
833	84 104 19 126
834	25 18 92
835	213 197 92
836	136 163 104
837	234 18 198 92 184
838	77 18 78 200
839	213 177 57 92
840	213 175 55
841	143 5 196
842	16 203 197 173
843	18 2 197 204
844	236 5 40 158
845	213 122 197
846	171 78 92
847	237 170 147 70 29
848	6 203 104 113
849	18 81 197 92
850	26 18 163 104
851	238 78 2
852	26 104 27 187
853	28 196 231 149 7
854	213 176 101
855	178 25 220
856	53 173
857	77 18 163 2
858	18 200 154 121
859	71 104 158
860	18 176 175 197
861	18 198 3 4
862	25 2 4
863	27
864	77 18 78 4
865	77 39 200 122 198
866	26 104 27 113
867	67 18 78 2
868	18 78 2 235
869	78 103 107 187
870	209 154 93
871	18 78 200
872	18 2 3 92
873	22
874	25 18 200 104
875	91 18 176 154
876	234 18 103
877	229
878	18 55 104 232
879	6 154 52 61
880	71 19 126
881	78 139 84
882	71 5 113
883	64 197 126
884	18 104 3
885	18 4
886	77 18 231 93
887	18 231 197
888	18 235
889	25 18 2 19
890	18 233 197 185
891	18
892	208 105 63
893	36 234 18 203 104
894	18 231 2
895	91 18 208 156
896	91 18 201 204
897	91 18 163 8
898	18 78 205
899	18 163 197
900	18 106 8 197
901	67 18 203 197
902	25 234 18 198
903	18 78 2 92
904	18 2 19 4
905	18 163 202 154
906	77 18 2 204
907	142 18 203 101
908	143 18 125 104
909	25 77 18 2
910	143 18 19 4
911	18 103 233 8
912	18 203 2
913	227 18 2 4
914	18 108 2 19
915	18 158
916	142 18 197 92
917	25 18 169 2
918	18 106 154 172
919	18 175 197 158
920	18 139 2 3
921	91 18 176 106
922	18 2 185 186
923	142 18 101 201
924	227 18 2 158
925	91 77 18 200
926	91 18 2 158
927	5 203 38
928	18 104 100
929	18 179 163 3
930	227 18 2
931	18 176 74 198
932	142 18 79 80
933	91 18 200 100
934	22 18 208 4
935	91 18 154 158
936	18 176 8
937	18 179 175 156
938	18 176
939	143 18 202 198
940	18 163 101 198
941	18 231
942	39 18 78 104
943	143 18 19 4
944	142 18 163 2
945	91 18 163 2
946	18 176 175 8
947	18 229
948	18 78 2 92
949	18 200 185
950	234 18 125 2 8
951	91 18 203 110
952	18 78 200 2
953	91 143 18 8
954	18 156 2 3
955	25 18 2 4
956	26 18 200 104
957	91 18 200 185
958	18 101 125 8
959	142 18 79 233
960	18 163 2 8
961	91 18 3 230
962	71 18 55 46
963	143 18 163 2
964	25 18 50
965	143 18 2 92
966	238 18 198 3
967	18 53 154 19
968	25 18 103 200
969	143 18 78 2
970	143 238 18 198
971	236 143 18 231
972	91 25 18 231
973	18 175 154 92
974	18 198 219 4
975	18 103 92
976	18 78 139 198
977	26 18 163 2
978	18 78 200 2
979	63
980	227 18 19 92
981	234 136 18 200 104
982	234 18 198 158
983	91 18 219 92
984	18 175 2
985	26 18 200 2
986	234 18 2 92
987	18 68 197
988	18 78 200 198
989	143 18 125 2
990	91 25 18
991	142 18 200 104
992	91 236 234 77 18
993	136 18 106 197
994	18 104
995	18 2 3 185
996	18 197
997	178 18 168 92
998	18 81 154 172
999	18 198 158
1000	143 77 18 2
1001	129 18 176
1002	91 18 200 198
1003	91 142 18 125
1004	36 234 18 201 198
1005	143 18 2 92
1006	231
1007	18 231 2 137
1008	26 18 198 92
1009	18 176 3 19
1010	18 200 2
1011	91 227 18 2
1012	91 18 28 231
1013	91 18 231 8
1014	18
1015	18 154 197 92
1016	91 18 2 4
1017	91 18 176 8
1018	136 18 78 198
1019	18 78 2
1020	91 142 18 79
1021	143 18 163 198
1022	213 184 9
1023	143 18 108 2
1024	178 18 2 158
1025	136 18 2 4
1026	18 108 198
1027	18 106 4
1028	91 142 18 92
1029	91 18 125 3
1030	18 203 53 154
1031	35 18 197 218
1032	91 143 18 125
1033	18 78 197 92
1034	238 18 5 19
1035	18 139 2 4
1036	143 18 176 2
1037	143 18 2 4
1038	234 18 2
1039	18 204 158
1040	18 176 198 197
1041	18 8
1042	143 18 198 4
1043	18 101 201 204
1044	39 18 2 235
1045	142 18 101 198
1046	77 18 197 92
1047	67 18 163 75
1048	18 229
1049	142 18 163 2
1050	91 136 18 239 197
1051	142 25 18 79
1052	227 18 198 4
1053	18 8 197 187
1054	127 18 198 8
1055	18 5 28 113
1056	18 231 2
1057	18 81 200 155
1058	136 18 78 4
1059	25 18 203 104
1060	18 78 163 197
1061	18 78 68
1062	18 106 168 4
1063	227 18 2
1064	18 78 139 92
1065	91 71 18 4
1066	18 78 103 198
1067	18 231 8 219
1068	18 78 200 8
1069	213 68 4 93
1070	18 79 233 197
1071	18 231 19 137
1072	143 18 163 2
1073	18 78 163 122
1074	143 18 2
1075	18 197 4
1076	25 18 200 2
1077	91 18 200 175
1078	18 78 46 4
1079	18 28 196 19
1080	178 18 163 2
1081	18 78 219
1082	18 78
1083	18 5
1084	77 18 78 92
1085	18 108
1086	104
1087	213 51 201 68
1088	94 197 63 4
1089	91 77 213 4
1090	213 205
