Course	Room	Teacher	Time	Students
205	1	125	0	322 475 493 494 521 522 524 571 573 630
113	1	86	1	80 113 166 381 383 392 396 427 448 463
60	1	50	2	33 248 292 312 358 454 464 471 476 501
3	1	3	3	3 8 9 10 13 254 317 324 361 403
48	1	26	4	26 267 324 361 372 391 400 411 422 502
124	1	92	5	92 113 145 198 341 394 469 470 475 490
7	1	7	6	4 75 89 238 301 335 362 371 377 398
57	1	48	7	30 133 163 197 221 259 280 330 331 397
14	1	14	8	8 9 13 294 322 335 460 507 524 612
29	1	26	9	17 51 62 76 82 84 107 136 149 191
32	1	29	10	18 104 188 197 234 252 319 334 357 363
97	1	35	11	60 74 133 157 169 244 251 252 256 269
150	1	37	12	145 326 341 344 354 357 367 465 482 486
158	1	105	13	169 170 171 278 408 670 680 683 742 766
229	1	130	14	588 599 610 632 641 651 664 675 690 717
106	1	61	15	70 186 271 274 362 475 538 579 590 603
4	1	4	16	3 10 157 226 267 324 421 458 465 469
40	1	35	17	22 29 35 65 72 73 77 108 124 125
37	1	33	18	21 22 65 267 346 370 389 490 600 606
35	1	10	19	19 23 25 28 47 53 83 95 102 109
212	1	129	20	362 379 428 457 472 494 513 515 556 587
5	1	5	21	3 8 9 10 13 132 242 337 424 439
67	1	56	22	37 46 261 454 475 493 549 575 585 593
33	1	30	23	18 28 39 45 102 164 173 175 176 186
62	1	52	24	34 113 161 236 257 337 346 400 415 420
94	1	78	25	58 120 218 228 236 272 349 399 415 417
102	1	82	26	63 72 176 201 307 346 364 371 385 399
143	1	65	27	127 233 366 386 503 523 559 605 635 645
18	1	17	28	12 43 60 91 101 107 118 136 141 148
132	1	97	29	100 210 295 365 643 749 826 838 888 889
31	1	28	30	18 36 37 82 96 122 179 203 290 294
168	1	49	31	196 414 426 430 436 458 556 572 594 623
10	1	10	32	5 51 127 193 244 284 296 396 408 471
56	1	31	33	30 70 100 101 250 270 320 328 351 397
121	1	91	34	88 128 161 273 305 387 431 473 478 497
153	1	101	35	149 161 191 237 326 359 368 380 384 401
178	1	38	36	216 250 270 312 321 328 369 372 373 375
120	1	90	37	88 89 121 226 256 262 267 271 317 333
39	1	7	38	22 33 125 142 143 181 210 238 266 291
47	1	10	39	25 47 51 53 109 115 117 128 134 200
73	1	61	40	41 111 173 183 217 251 252 256 357 375
83	1	6	41	50 127 138 195 253 303 457 471 482 500
180	1	109	42	221 462 508 520 537 609 670 697 721 729
24	1	2	43	15 75 437 445 478 569 582 631 669 711
209	1	1	44	356 362 609 624 625 655 670 784 793 852
6	1	6	45	4 75 200 258 286 302 307 327 379 404
133	1	17	46	101 177 250 310 349 351 384 416 443 479
182	1	44	47	228 322 522 525 594 600 605 697 712 722
187	1	67	48	275 402 479 501 639 652 671 677 690 719
49	1	42	49	26 61 121 131 173 180 226 229 294 341
68	1	57	50	38 54 182 193 212 282 300 355 398 406
140	1	41	51	114 356 381 417 468 476 477 555 592 620
25	1	22	52	15 153 221 353 515 546 692 713 752 764
36	1	32	53	21 37 45 76 88 225 242 288 337 364
54	1	46	54	29 108 139 295 322 399 499 601 656 667
79	1	66	55	47 92 97 106 122 138 265 422 447 577
118	1	88	56	87 215 264 269 308 398 411 414 426 455
95	1	63	57	59 94 296 375 417 432 456 466 515 566
103	1	83	58	64 75 142 227 237 253 265 327 423 450
217	2	83	0	379 383 404 423 536 551 574 602 614 615 693 697 721 724 766 787 834
19	2	18	1	14 31 48 55 67 100 103 114 140 184 208 211 239 240 336 339
77	2	64	2	44 69 93 95 102 217 260 289 296 299 315 325 366 440 503 617
87	2	48	3	54 123 148 186 358 400 405 430 499 552 693 709 720 807 832 1088
172	2	36	4	210 299 463 534 536 558 563 564 599 615 640 733 767 820 834
218	2	89	5	389 493 494 571 776 836 871 913 963 1011 1015 1049 1066 1083 1090 1104
17	2	16	6	11 20 22 36 42 51 138 175 176 223 268 282 311 334 344
34	2	31	7	19 101 111 131 136 145 150 166 209 216 232 247 349 486 565
85	2	70	8	54 144 203 209 277 325 380 438 474 512 548 562 731 757 845
105	2	84	9	68 127 244 325 408 448 500 503 574 605 613 645 654 757 761
107	2	40	10	77 126 220 505 532 647 660 695 704 751 786 918 976 1019 1050
175	2	87	11	213 239 283 466 531 596 825 881 903 962 1022 1042 1044 1061 1096
15	2	15	12	11 23 28 83 109 117 196 222 321 345 457 520 681 829
20	2	19	13	14 30 378 390 397 401 557 706 779 819 900 962 999 1047
80	2	67	14	47 93 97 170 297 315 318 319 443 459 563 570 616 968
96	2	79	15	59 60 91 159 185 231 275 292 392 606 619 647 809 984
122	2	59	16	88 89 279 361 752 797 847 906 919 944 953 959 1001 1093
147	2	68	17	130 137 151 291 326 332 394 530 533 604 644 669 1028 1035
154	2	102	18	155 205 270 327 396 436 513 523 558 603 684 1036 1059 1100
156	2	104	19	160 182 203 207 316 327 455 472 491 638 721 794 851 885
235	2	131	20	717 772 826 907 908 978 991 1016 1018 1019 1026 1070 1072 1103
22	2	20	21	14 90 146 370 390 406 480 675 768 814 840 978 985
42	2	37	22	24 69 236 273 278 366 408 487 499 550 562 570 903
51	2	44	23	27 99 115 154 158 230 233 259 280 330 331 439 498
63	2	53	24	35 50 64 65 72 77 98 142 143 195 266 291 329
75	2	21	25	41 55 63 110 192 223 273 280 309 434 485 579 982
78	2	65	26	44 97 222 265 325 347 440 445 547 653 841 856
81	2	68	27	48 114 156 184 339 354 356 545 552 553 738 778 975
89	2	73	28	56 248 347 489 505 516 780 844 896 928 986 1054 1104
115	2	70	29	82 217 368 409 421 429 460 502 526 531 633 751 829
183	2	114	30	250 287 369 504 528 533 567 590 662 754 762 868 1004
45	2	40	31	25 41 110 206 650 891 902 911 938 944 1000 1092
52	2	45	32	27 28 43 71 109 155 310 451 542 560 637 794
58	2	49	33	31 103 140 184 199 214 235 446 516 552 553 600
66	2	55	34	37 49 82 96 120 122 179 203 290 314 498 607
82	2	68	35	48 103 156 168 190 199 239 354 386 430 516 975
100	2	81	36	61 74 167 194 242 335 365 380 438 460 548 770
116	2	65	37	83 166 188 196 197 201 217 222 255 285 457 841
142	2	98	38	119 160 215 398 411 414 426 517 519 589 722 730
148	2	73	39	130 163 190 220 402 416 505 591 694 844 1041 1104
228	2	94	40	573 793 806 819 861 866 886 905 1005 1018 1057 1094
26	2	23	41	16 86 90 146 165 206 215 338 465 480 688
28	2	25	42	16 44 60 68 81 153 178 205 241 273 277
61	2	51	43	33 73 108 116 125 174 329 371 377 403 453
65	2	55	44	36 122 179 212 259 314 374 399 428 495 498
71	2	31	45	40 131 141 156 198 209 372 384 436 513 514
110	2	85	46	79 202 283 292 298 369 502 514 533 581 728
112	2	1	47	80 126 206 338 343 429 480 508 675 779 811
189	2	112	48	277 379 435 552 559 578 594 614 792 830 833
216	2	64	49	373 547 832 858 862 884 1006 1045 1087 1091 1097
1	2	1	50	1 16 90 126 165 191 206 293 338 343
8	2	8	51	4 273 297 423 443 459 529 613 667 986
43	2	38	52	24 91 106 159 192 235 243 321 420 446
74	2	62	53	41 46 484 691 795 943 993 1048 1057 1069
129	2	28	54	96 97 179 208 237 282 397 428 543 995
145	2	39	55	129 370 390 407 624 840 876 978 985 999
177	2	114	56	216 234 293 334 373 526 548 694 725 1056
194	2	99	57	292 294 637 736 776 814 1056 1060 1076 1102
211	2	128	58	360 654 706 726 745 948 996 1054 1055 1068
220	3	94	0	406 508 557 655 675 784 811 893 938 1085
44	3	39	1	24 172 248 487 694 853 905 932 943
64	3	54	2	36 39 235 359 389 441 462 517 583
70	3	59	3	38 84 116 204 300 391 462 528 554
84	3	69	4	52 94 110 130 163 189 190 224 344
93	3	77	5	58 121 140 497 546 612 623 1017 1076
101	3	32	6	62 105 132 162 333 352 441 452 535
123	3	85	7	91 164 185 212 318 350 381 419 454
131	3	96	8	99 163 304 305 331 352 439 580 851
141	3	76	9	118 218 298 330 358 666 685 853 958
166	3	111	10	191 274 293 355 361 412 729 737
181	3	112	11	226 317 374 415 431 434 437 497 574
72	3	60	12	40 237 490 577 622 662 954 1049
144	3	19	14	129 467 893 937 946 1069 1098 1102
151	3	23	13	146 220 429 477 480 530 768 806
160	3	107	15	177 246 251 320 358 401 532 618
173	3	112	16	211 386 516 527 620 750 762 1039
185	3	63	17	258 297 561 607 658 760 860 934
188	3	118	18	276 422 534 637 872 878 1052 1075
224	3	124	19	479 723 763 804 901 941 1022 1098
2	3	2	20	2 18 43 56 144 378 392
16	3	16	21	11 176 311 387 442 451 578
27	3	24	22	16 20 111 153 161 192 434
41	3	36	23	23 35 200 207 286 302 303
50	3	43	24	26 33 427 592 621 785 846
99	3	80	25	61 188 224 225 278 384 657
104	3	11	26	66 187 365 432 632 650 790
126	3	93	27	94 171 189 224 350 513 692
138	3	43	28	111 135 251 252 268 382 424
157	3	86	29	168 261 432 823 824 833 1086
161	3	108	30	177 198 388 419 603 676 928
163	3	85	31	185 190 392 598 600 719 1041
202	3	8	32	312 483 496 680 718 789 865
214	3	25	33	368 431 497 857 878 911 1068
230	3	58	34	597 606 660 706 710 740 741
234	3	75	35	707 864 885 1016 1032 1091 1097
9	3	9	36	4 50 112 227 235 329
55	3	47	37	29 116 174 214 281 313
88	3	72	38	55 114 211 240 339 344
90	3	74	39	57 154 234 280 388 820
117	3	87	40	85 433 506 575 585 823
119	3	89	41	87 152 229 264 269 308
134	3	22	42	105 175 223 334 387 442
135	3	22	43	105 175 223 334 387 442
152	3	100	44	147 290 298 596 661 820
159	3	106	45	171 178 220 395 532 861
176	3	113	46	213 433 437 511 588 831
196	3	121	47	299 304 792 800 866 886
206	3	105	48	328 596 646 691 737 869
238	3	115	49	830 1008 1011 1017 1038 1093
13	3	13	50	7 58 119 151 377
86	3	71	51	54 113 151 180 458
108	3	39	52	78 81 216 349 982
184	3	116	53	254 415 538 581
186	3	117	54	274 355 412 413 492
204	3	124	55	320 578 642 689 1016
210	3	127	56	356 646 663 688 737
225	3	103	57	491 603 740 805 992
233	3	120	58	653 771 775 778 857
11	4	11	0	5 481 705 802
12	4	12	1	6 154 164 232
21	4	20	2	14 129 146 172
23	4	21	3	14 240 323 553
30	4	27	4	17 104 966 1077
38	4	34	5	21 76 119 152
69	4	58	6	38 204 391 462
92	4	76	7	57 62 157 202
109	4	70	9	79 132 305 313
128	4	94	8	95 118 165 573
130	4	95	10	99 565 744 803
139	4	43	11	112 135 309 492
162	4	92	12	182 254 626 754
169	4	30	13	199 331 803 1063
170	4	91	14	202 205 249 340
195	4	120	15	295 363 611 810
201	4	49	16	312 543 718 969
215	4	119	17	371 575 618 704
239	4	120	18	860 881 927 989
53	4	13	19	29 521 704
59	4	27	20	32 830 831
91	4	75	21	57 170 444
98	4	42	22	61 151 262
111	4	68	23	80 179 1052
127	4	85	24	94 189 673
136	4	27	25	107 527 545
149	4	70	26	137 224 646
155	4	103	27	157 169 170
164	4	109	28	187 297 413
167	4	23	29	193 410 674
171	4	80	30	555 797
179	4	115	31	219 245 1101
192	4	94	32	279 390 477
197	4	97	33	301 628 1085
207	4	126	34	332 738 805
213	4	119	35	367 599 823
219	4	23	36	394 402 673
232	4	121	37	620 838 851
46	4	41	38	25 278
114	4	68	39	80 432
125	4	66	40	92 304
146	4	99	41	129 154
165	4	110	42	187 413
174	4	106	43	212 350
190	4	119	44	279 696
193	4	38	45	283 725
199	4	122	46	306 716
203	4	123	47	316 622
208	4	123	48	340 393
222	4	110	49	412 473
227	4	95	50	565 834
76	4	63	51	43
137	4	72	52	110
191	4	20	53	279
198	4	113	54	304
200	4	2	55	309
221	4	68	56	410
223	4	119	57	433
226	4	6	58	553
231	5	27	0	616
236	5	74	1	760
237	5	64	3	778
240	5	76	2	864
241	5	132	4	1012
