Students	100
1	4 3 19 5
2	5 12 14 8
3	8 11 14 19
4	17 8 20 15
5	20 5 11 14
6	4 5 11 14
7	16 4 1 14
8	2 16 15 5
9	17 10 9 5
10	10 2 4 17
11	14 7 10 4
12	5 18 11 16
13	15 13 9 4
14	14 20 4 9
15	6 8 1 20
16	9 12 10 13
17	11 7 10 16
18	4 14 5 10
19	10 12 20 3
20	13 4 7 12
21	1 9 18 20
22	8 18 16 7
23	20 17 1 19
24	5 17 10 6
25	10 19 16 1
26	18 10 9 14
27	15 10 9 14
28	12 19 14 15
29	12 16 4 1
30	13 16 1 7
31	6 18 9 20
32	8 11 12 5
33	6 3 19 7
34	8 15 7 16
35	13 9 6 11
36	18 16 3 4
37	2 13 9 19
38	18 8 4 15
39	18 14 5 2
40	10 7 20 1
41	13 6 16 1
42	11 18 14 16
43	11 8 16 3
44	15 20 16 13
45	7 4 13 10
46	5 8 2 9
47	12 6 2 13
48	7 10 5 17
49	9 14 17 6
50	6 19 9 16
51	12 16 20 7
52	8 9 12 1
53	2 13 4 14
54	7 12 16 20
55	9 15 19 5
56	15 12 11 5
57	13 3 1 15
58	18 11 8 4
59	7 5 8 19
60	1 13 12 5
61	7 13 5 10
62	1 15 14 19
63	11 19 10 3
64	7 17 16 12
65	11 17 19 15
66	3 8 13 19
67	7 15 3 6
68	4 7 14 5
69	4 1 14 10
70	3 13 18 4
71	20 17 16 8
72	1 14 4 6
73	10 4 8 16
74	6 2 14 1
75	13 12 1 7
76	13 16 15 14
77	17 10 16 4
78	5 18 4 3
79	4 3 20 11
80	14 13 8 9
81	3 4 1 18
82	20 12 13 8
83	15 14 16 17
84	8 20 10 11
85	20 6 5 1
86	12 19 9 7
87	1 16 10 11
88	1 6 14 4
89	18 5 10 17
90	14 5 8 10
91	16 12 6 18
92	17 5 20 18
93	7 17 8 18
94	18 8 12 14
95	14 9 6 16
96	18 13 17 3
97	18 11 2 16
98	12 19 6 2
99	2 4 15 11
100	16 12 8 13
