Students	100
1	9 15 18 19
2	20 3 7 5
3	17 2 13 4
4	4 10 3 2
5	19 1 18 20
6	1 17 12 3
7	3 4 14 10
8	11 18 17 8
9	6 2 9 12
10	19 8 6 1
11	9 18 20 4
12	20 11 6 12
13	14 18 4 17
14	16 3 5 20
15	6 3 11 10
16	16 3 17 6
17	6 2 9 15
18	19 18 7 16
19	20 12 16 14
20	7 12 16 10
21	19 2 17 15
22	7 6 10 4
23	12 7 9 14
24	7 16 5 3
25	19 10 17 8
26	8 14 6 20
27	6 9 7 13
28	13 15 2 7
29	4 15 14 2
30	9 11 15 6
31	7 5 11 19
32	6 5 7 19
33	4 3 17 12
34	10 18 16 7
35	4 2 3 18
36	9 15 19 6
37	6 4 12 10
38	9 13 5 11
39	10 20 14 8
40	15 17 14 9
41	11 2 8 9
42	19 3 20 17
43	19 2 3 14
44	12 15 8 6
45	7 2 19 1
46	10 15 8 20
47	1 20 17 12
48	16 17 20 18
49	11 2 10 4
50	11 5 2 7
51	4 15 2 7
52	16 2 8 9
53	17 5 10 3
54	13 6 20 7
55	17 1 12 9
56	13 16 15 4
57	6 13 16 5
58	13 15 11 14
59	4 8 18 17
60	19 15 3 8
61	1 4 18 19
62	18 13 1 3
63	1 11 16 7
64	13 20 8 12
65	12 17 7 16
66	5 15 2 3
67	19 15 5 18
68	3 15 10 17
69	11 19 2 17
70	12 19 11 3
71	12 11 10 7
72	19 6 5 2
73	12 9 13 3
74	11 3 5 20
75	2 16 3 9
76	6 1 3 15
77	14 3 1 13
78	7 11 6 13
79	9 11 6 18
80	3 15 1 6
81	16 7 20 5
82	16 5 8 19
83	18 13 5 2
84	10 18 15 1
85	12 2 11 16
86	8 16 17 6
87	16 20 9 11
88	16 15 12 3
89	5 18 17 3
90	7 5 8 11
91	5 20 2 3
92	11 2 16 4
93	19 13 4 6
94	11 1 15 18
95	18 20 10 8
96	9 5 14 7
97	13 11 12 2
98	9 14 2 13
99	9 12 8 10
100	16 20 1 8
