Students	100
1	18 11 3 12
2	7 20 9 3
3	8 13 19 7
4	12 20 11 19
5	9 16 2 17
6	1 6 13 19
7	6 1 13 18
8	14 13 16 3
9	8 3 9 14
10	3 20 7 16
11	19 4 9 15
12	20 10 17 1
13	11 2 19 4
14	11 16 10 2
15	12 10 8 9
16	18 5 11 4
17	7 9 15 17
18	16 2 12 20
19	12 11 3 18
20	1 20 6 2
21	10 20 1 9
22	1 16 7 8
23	20 4 18 13
24	15 20 10 1
25	18 3 12 10
26	1 5 9 10
27	16 6 9 10
28	7 14 16 17
29	7 2 9 18
30	20 5 19 16
31	2 20 1 11
32	4 19 17 13
33	13 18 11 10
34	20 19 10 11
35	15 6 9 16
36	19 15 14 5
37	11 20 19 6
38	2 6 10 5
39	16 15 8 2
40	20 16 5 14
41	4 1 14 6
42	14 8 19 1
43	9 15 8 13
44	14 6 5 1
45	8 5 15 12
46	1 9 16 12
47	6 7 8 13
48	7 9 3 10
49	9 2 8 13
50	15 18 14 20
51	13 9 17 11
52	15 11 13 3
53	18 15 10 4
54	5 12 20 11
55	7 13 16 3
56	7 20 6 13
57	20 1 3 6
58	17 9 1 12
59	10 17 4 2
60	7 8 6 9
61	13 10 4 20
62	19 14 18 16
63	18 7 6 19
64	16 12 4 20
65	2 15 1 14
66	11 7 6 14
67	18 16 20 6
68	12 19 2 8
69	12 7 10 1
70	17 5 18 1
71	4 14 20 2
72	19 7 10 6
73	11 8 5 2
74	20 14 13 12
75	13 10 19 7
76	20 18 17 6
77	3 11 20 6
78	20 16 13 2
79	16 3 15 18
80	9 13 16 7
81	8 15 17 18
82	1 14 18 16
83	12 10 15 16
84	15 7 17 6
85	19 10 15 20
86	15 18 17 12
87	14 9 8 3
88	20 12 5 11
89	7 11 15 17
90	7 15 2 12
91	17 8 1 6
92	2 12 7 10
93	1 15 13 3
94	11 8 4 12
95	15 13 20 16
96	1 20 19 8
97	18 8 20 19
98	13 16 19 14
99	6 20 11 10
100	2 15 7 4
