Students	100
1	12 4 8 14
2	5 19 15 4
3	6 17 12 2
4	7 2 13 4
5	8 19 18 14
6	16 8 2 10
7	10 8 18 1
8	2 7 9 10
9	15 13 20 11
10	16 13 14 12
11	9 14 12 16
12	11 12 20 14
13	7 12 6 1
14	1 6 16 5
15	16 5 15 19
16	20 9 1 12
17	11 13 10 19
18	16 15 8 18
19	17 14 6 19
20	8 5 17 1
21	6 20 2 7
22	17 9 8 10
23	1 15 5 17
24	4 18 3 10
25	10 11 2 3
26	12 19 1 6
27	10 12 19 7
28	9 1 4 5
29	10 12 2 8
30	7 11 20 15
31	1 10 3 11
32	15 2 1 4
33	18 19 12 15
34	7 16 3 11
35	14 6 11 2
36	19 7 1 16
37	14 2 5 18
38	12 2 1 14
39	1 13 19 2
40	18 16 7 10
41	13 11 14 2
42	9 4 10 3
43	16 3 10 1
44	12 16 9 3
45	2 3 20 12
46	2 17 6 11
47	16 2 6 5
48	10 12 1 6
49	6 3 16 13
50	10 5 17 18
51	2 4 13 3
52	6 15 5 7
53	19 11 18 7
54	10 1 11 4
55	17 16 15 14
56	4 5 13 2
57	1 9 11 6
58	4 1 14 7
59	13 15 17 12
60	6 9 16 20
61	6 11 12 4
62	6 18 5 12
63	5 14 18 8
64	18 14 6 16
65	15 19 6 8
66	15 17 13 7
67	12 3 18 11
68	18 11 5 20
69	16 17 15 9
70	7 13 20 14
71	4 15 1 13
72	14 10 6 9
73	16 4 5 20
74	17 11 6 12
75	15 4 14 19
76	5 6 7 10
77	5 2 11 7
78	1 15 18 11
79	1 5 20 11
80	7 1 15 6
81	6 10 1 14
82	20 3 2 17
83	20 13 6 16
84	12 2 5 3
85	3 15 4 7
86	3 7 10 8
87	15 18 2 11
88	19 15 12 20
89	11 2 9 1
90	9 7 11 15
91	7 16 9 17
92	1 6 5 20
93	3 12 2 18
94	5 2 7 6
95	10 9 17 14
96	14 1 16 6
97	12 5 7 4
98	4 15 9 7
99	1 5 16 3
100	18 6 9 1
