Students	100
1	20 5 16 19
2	14 11 6 5
3	17 11 8 10
4	12 6 2 8
5	12 11 3 6
6	14 3 17 7
7	15 2 1 6
8	13 3 12 18
9	3 11 19 14
10	11 7 19 20
11	17 11 13 8
12	12 15 5 1
13	1 4 19 20
14	11 12 6 16
15	9 20 17 16
16	2 8 10 19
17	18 4 7 10
18	3 4 19 10
19	20 19 17 8
20	3 12 9 16
21	17 3 2 14
22	2 7 6 10
23	16 6 5 9
24	19 13 5 15
25	15 18 7 17
26	17 13 2 5
27	4 8 3 20
28	2 7 5 10
29	12 6 7 16
30	3 11 7 17
31	14 16 9 2
32	12 2 13 3
33	16 18 19 3
34	14 1 11 15
35	15 7 3 18
36	11 9 17 6
37	10 12 2 5
38	16 8 9 19
39	6 19 13 18
40	4 3 14 12
41	2 10 7 12
42	14 20 17 13
43	2 16 8 5
44	9 13 19 4
45	15 17 13 18
46	4 6 19 9
47	6 9 13 10
48	10 12 11 3
49	9 1 20 14
50	5 18 15 14
51	18 4 8 5
52	20 18 8 7
53	6 8 3 9
54	20 3 15 9
55	11 8 2 4
56	8 1 6 5
57	6 14 9 18
58	16 3 2 12
59	19 13 12 11
60	16 6 10 14
61	4 18 12 1
62	2 7 14 18
63	4 10 13 2
64	18 20 14 4
65	2 4 9 10
66	16 10 11 3
67	4 10 16 9
68	16 4 18 8
69	9 13 15 10
70	8 7 3 15
71	7 16 2 17
72	17 10 15 11
73	3 17 14 16
74	17 6 4 14
75	6 4 1 9
76	11 17 20 4
77	20 19 14 2
78	13 12 16 14
79	18 15 10 3
80	9 15 2 20
81	5 12 16 6
82	19 6 5 10
83	19 13 6 18
84	17 16 10 9
85	1 14 16 19
86	13 1 19 2
87	13 8 15 12
88	8 18 9 14
89	20 5 17 2
90	18 9 8 4
91	15 1 14 16
92	16 13 3 15
93	3 10 11 2
94	17 8 11 12
95	8 20 1 10
96	17 13 12 10
97	19 15 14 17
98	15 2 16 1
99	7 5 16 13
100	3 1 4 20
