Students	200
1	19 4 13 16
2	14 9 4 17
3	17 20 7 8
4	8 20 19 15
5	15 12 20 8
6	13 5 7 8
7	13 18 8 7
8	5 10 12 14
9	2 19 12 6
10	20 6 8 17
11	1 3 5 2
12	12 15 4 20
13	1 13 11 19
14	8 20 7 18
15	13 9 12 16
16	19 12 9 8
17	1 13 19 17
18	12 13 16 15
19	4 5 19 18
20	16 14 10 1
21	3 20 15 17
22	14 13 4 19
23	1 7 12 3
24	13 11 14 7
25	6 15 2 5
26	12 16 4 2
27	9 17 20 11
28	20 12 15 6
29	5 9 4 2
30	13 3 14 5
31	5 2 16 13
32	13 11 16 2
33	5 15 11 7
34	8 15 4 6
35	12 17 14 7
36	13 2 4 12
37	9 8 11 15
38	2 17 6 16
39	8 12 6 10
40	9 12 15 1
41	20 17 14 12
42	3 19 8 17
43	20 18 10 7
44	9 15 3 6
45	9 15 8 5
46	14 12 17 13
47	9 3 17 20
48	1 18 6 14
49	19 9 2 10
50	20 1 2 11
51	12 18 8 9
52	1 20 3 16
53	20 12 6 19
54	6 11 13 20
55	15 1 13 10
56	13 2 6 4
57	11 2 6 14
58	8 16 3 10
59	20 15 9 2
60	18 4 7 16
61	10 19 15 1
62	8 16 13 19
63	15 16 11 8
64	13 3 8 2
65	19 4 3 8
66	12 19 9 15
67	3 19 11 20
68	3 20 19 18
69	11 1 15 12
70	4 17 10 7
71	5 19 9 10
72	9 17 4 7
73	12 2 4 1
74	9 19 13 3
75	4 1 20 2
76	12 13 1 17
77	2 11 8 5
78	13 14 11 1
79	14 11 4 12
80	9 2 1 6
81	18 15 6 20
82	5 9 4 12
83	2 7 10 1
84	4 15 12 10
85	4 8 10 3
86	10 12 15 14
87	6 9 14 12
88	4 13 7 8
89	12 3 9 11
90	6 16 5 2
91	11 8 4 14
92	15 11 18 1
93	15 4 6 1
94	5 3 9 10
95	13 10 3 15
96	16 14 10 2
97	9 5 18 14
98	19 12 14 4
99	7 12 15 19
100	16 9 7 17
101	12 1 7 14
102	2 13 18 15
103	9 18 15 19
104	13 10 19 4
105	2 9 10 20
106	5 8 10 2
107	13 20 12 2
108	3 2 6 16
109	16 6 1 9
110	4 17 16 18
111	20 4 2 12
112	8 19 10 20
113	20 6 12 11
114	19 7 12 1
115	16 5 2 8
116	9 10 8 20
117	2 20 14 6
118	20 15 4 7
119	18 6 20 7
120	5 9 11 4
121	4 17 8 20
122	15 20 17 9
123	13 1 16 12
124	18 16 3 17
125	18 17 11 5
126	15 6 17 20
127	14 20 13 1
128	20 13 15 10
129	2 9 4 1
130	8 12 20 1
131	7 1 15 6
132	15 2 17 10
133	3 12 20 4
134	17 18 1 16
135	10 12 4 5
136	3 5 1 18
137	5 10 12 8
138	17 14 18 4
139	15 13 18 1
140	7 16 20 11
141	11 4 20 8
142	19 4 15 11
143	12 8 9 16
144	13 19 12 5
145	6 16 12 13
146	12 18 5 1
147	6 10 2 20
148	19 13 9 20
149	2 7 3 14
150	13 1 10 17
151	10 3 13 18
152	3 6 4 11
153	13 11 9 3
154	1 4 9 11
155	16 2 4 1
156	11 18 3 7
157	20 13 15 18
158	12 10 15 4
159	8 10 14 13
160	10 12 11 16
161	12 11 5 9
162	10 6 11 9
163	8 17 20 4
164	17 2 19 3
165	15 10 8 1
166	2 15 19 4
167	2 1 18 3
168	5 1 16 4
169	18 8 4 13
170	10 5 17 8
171	4 20 8 2
172	17 1 6 5
173	19 18 9 11
174	19 6 2 8
175	1 2 20 16
176	5 15 8 12
177	13 15 9 12
178	17 20 9 7
179	10 2 14 5
180	18 17 14 11
181	4 6 8 7
182	17 2 12 19
183	1 2 5 14
184	19 2 8 18
185	20 13 2 19
186	3 14 6 19
187	4 20 11 13
188	9 18 20 8
189	18 8 11 4
190	9 12 7 20
191	16 4 19 20
192	18 16 2 1
193	14 11 12 10
194	16 17 6 15
195	19 9 10 1
196	16 2 5 15
197	16 6 15 11
198	20 2 10 15
199	6 11 16 17
200	10 7 19 17
