Students	200
1	11 6 2 8
2	10 6 11 20
3	11 2 3 9
4	2 6 10 5
5	8 14 12 11
6	3 18 16 7
7	8 2 16 15
8	20 1 14 12
9	14 15 2 5
10	19 11 14 9
11	17 12 7 9
12	9 18 7 1
13	17 4 15 10
14	12 14 20 1
15	3 13 10 5
16	10 20 4 14
17	15 10 8 13
18	14 15 2 12
19	18 19 14 5
20	17 19 4 18
21	11 10 13 16
22	12 11 5 14
23	19 4 9 14
24	8 18 7 15
25	6 11 17 10
26	12 17 19 5
27	6 10 18 12
28	20 18 4 11
29	1 3 9 14
30	12 8 17 19
31	16 3 13 12
32	5 13 7 3
33	5 10 7 1
34	5 11 2 14
35	12 1 16 15
36	2 14 10 5
37	2 20 13 16
38	17 2 13 14
39	17 9 1 20
40	6 9 18 12
41	18 10 3 4
42	7 13 5 8
43	1 11 5 14
44	7 10 12 20
45	8 1 18 10
46	14 3 9 13
47	9 16 5 18
48	10 19 12 7
49	8 5 14 20
50	15 18 20 16
51	15 3 14 2
52	13 7 14 1
53	7 18 15 16
54	13 19 6 2
55	1 8 14 3
56	18 17 7 1
57	12 3 18 11
58	5 3 12 6
59	11 17 12 8
60	14 6 11 9
61	7 10 14 1
62	12 16 8 15
63	12 15 8 9
64	11 1 12 4
65	6 3 2 4
66	1 18 5 15
67	3 1 2 4
68	12 2 17 20
69	15 12 6 1
70	3 18 15 19
71	13 14 2 19
72	11 17 3 13
73	18 12 3 9
74	8 6 15 17
75	4 9 5 14
76	17 14 11 18
77	6 12 9 20
78	2 12 17 20
79	7 16 2 14
80	11 19 9 13
81	10 13 2 3
82	7 16 6 19
83	1 11 20 18
84	13 7 14 3
85	1 7 18 14
86	9 11 19 16
87	16 8 14 3
88	20 2 17 15
89	17 11 20 1
90	12 19 13 17
91	11 5 15 18
92	12 11 10 15
93	1 18 20 8
94	16 11 7 10
95	9 15 1 11
96	14 3 6 4
97	12 15 8 10
98	11 4 19 9
99	10 17 20 2
100	2 15 8 7
101	9 12 19 4
102	1 14 13 17
103	19 10 8 2
104	4 2 10 9
105	7 3 5 18
106	15 19 3 9
107	11 15 20 19
108	14 11 3 1
109	1 7 19 17
110	10 14 4 8
111	10 11 2 6
112	4 20 9 8
113	18 13 5 2
114	10 8 3 20
115	12 13 18 4
116	2 3 7 14
117	18 6 20 9
118	2 12 17 7
119	11 5 18 1
120	11 8 14 6
121	4 9 7 10
122	9 10 16 1
123	10 9 7 3
124	16 9 2 11
125	20 17 11 14
126	17 12 3 14
127	8 5 14 13
128	6 19 1 3
129	7 12 13 14
130	16 13 10 20
131	12 10 17 8
132	8 14 11 16
133	2 19 17 16
134	14 12 11 18
135	15 8 1 12
136	7 13 19 18
137	6 19 2 17
138	11 7 18 5
139	7 10 19 12
140	7 6 4 14
141	1 14 6 3
142	9 19 6 8
143	11 5 20 1
144	14 5 10 2
145	16 9 17 18
146	2 1 14 3
147	1 12 14 2
148	16 2 1 18
149	17 19 1 12
150	14 20 12 10
151	17 11 9 7
152	5 2 15 1
153	3 18 19 15
154	20 3 11 12
155	4 18 17 12
156	14 20 18 8
157	13 19 1 9
158	11 4 19 15
159	4 3 17 13
160	8 17 15 1
161	20 17 13 8
162	18 4 19 15
163	3 1 17 5
164	20 19 1 17
165	19 10 6 20
166	4 14 16 19
167	19 2 11 16
168	11 20 17 5
169	18 4 19 11
170	15 20 13 17
171	18 3 7 2
172	9 18 16 3
173	16 7 2 20
174	16 2 7 15
175	11 3 8 13
176	3 10 5 11
177	9 3 10 4
178	9 4 11 17
179	4 18 13 9
180	5 7 9 19
181	9 7 17 14
182	20 13 5 1
183	11 17 9 15
184	10 7 13 17
185	11 1 12 2
186	1 12 19 8
187	10 7 18 17
188	19 2 18 9
189	11 6 4 9
190	15 12 3 20
191	20 14 12 16
192	18 17 6 4
193	20 13 5 7
194	4 1 12 17
195	17 20 13 5
196	2 3 12 6
197	5 10 4 11
198	7 14 17 13
199	9 8 17 19
200	16 19 4 9
