Students	200
1	8 7 11 18
2	18 15 4 17
3	5 17 10 14
4	19 14 3 9
5	20 17 11 15
6	14 19 2 8
7	17 9 14 4
8	5 19 1 16
9	16 15 14 19
10	1 17 3 19
11	16 18 19 6
12	20 9 5 7
13	6 19 17 18
14	5 1 13 19
15	7 17 16 5
16	8 10 16 5
17	12 7 6 9
18	12 4 6 9
19	11 3 5 1
20	6 4 1 13
21	6 18 12 16
22	6 9 13 5
23	19 8 1 4
24	15 9 17 14
25	13 1 3 10
26	11 7 3 16
27	8 14 11 4
28	16 7 9 15
29	2 1 5 11
30	2 17 7 11
31	9 2 13 14
32	5 15 14 12
33	9 17 14 7
34	15 18 12 3
35	17 14 13 4
36	4 15 17 20
37	3 11 14 17
38	4 9 12 19
39	20 17 6 8
40	14 17 6 8
41	19 9 14 20
42	5 13 3 2
43	5 1 15 6
44	14 1 8 17
45	10 9 4 11
46	6 20 13 15
47	14 20 6 16
48	14 16 1 11
49	7 8 18 3
50	16 4 5 8
51	18 20 7 11
52	2 9 6 3
53	1 8 17 12
54	17 18 8 19
55	12 2 3 5
56	6 10 17 15
57	15 12 5 8
58	5 4 2 7
59	8 20 15 11
60	16 13 10 8
61	3 19 2 13
62	20 2 7 18
63	1 17 20 13
64	15 14 17 12
65	20 19 15 17
66	4 16 17 20
67	15 3 18 9
68	10 14 18 20
69	14 7 13 11
70	19 18 6 20
71	5 2 9 6
72	10 3 6 11
73	7 15 10 11
74	19 20 14 12
75	20 13 11 5
76	4 3 14 19
77	5 20 8 6
78	4 11 10 17
79	8 1 17 11
80	6 2 9 20
81	8 11 19 20
82	11 10 12 18
83	17 9 14 6
84	9 14 8 10
85	6 2 4 16
86	15 20 16 2
87	1 6 4 14
88	13 4 8 11
89	5 10 14 8
90	4 13 5 11
91	12 9 18 5
92	20 19 13 12
93	13 1 15 3
94	8 1 4 6
95	12 6 13 19
96	17 12 1 7
97	20 13 8 5
98	3 12 5 8
99	10 15 19 14
100	3 15 12 8
101	2 18 16 9
102	8 16 18 7
103	4 18 1 9
104	16 7 1 11
105	14 7 10 6
106	16 7 10 1
107	1 18 7 4
108	16 4 8 7
109	3 15 16 1
110	13 9 7 12
111	15 12 13 11
112	9 19 16 11
113	1 14 7 20
114	16 15 18 17
115	13 9 17 1
116	2 6 4 1
117	14 12 3 13
118	9 18 2 12
119	12 11 2 18
120	13 7 1 17
121	9 11 13 18
122	14 8 7 20
123	3 4 10 17
124	15 16 20 4
125	14 11 7 8
126	20 7 12 5
127	15 5 19 2
128	2 6 7 17
129	13 11 7 20
130	18 10 6 1
131	15 19 17 11
132	19 16 5 10
133	8 2 12 15
134	6 11 7 17
135	9 6 19 18
136	6 3 14 5
137	18 1 13 12
138	3 6 9 20
139	17 15 10 9
140	13 2 1 12
141	5 19 14 18
142	7 14 6 20
143	20 11 10 9
144	4 10 19 17
145	14 12 19 20
146	7 13 10 4
147	14 4 16 17
148	12 3 19 5
149	5 13 18 2
150	11 9 13 20
151	2 5 1 4
152	8 2 11 14
153	15 11 5 1
154	16 6 19 13
155	4 8 19 7
156	18 9 17 10
157	10 7 8 9
158	10 15 5 3
159	4 2 17 19
160	9 2 6 5
161	10 7 12 18
162	17 2 19 9
163	1 15 13 12
164	11 3 16 19
165	14 4 13 8
166	6 16 10 20
167	11 7 9 14
168	5 1 6 14
169	20 16 10 7
170	15 14 4 17
171	18 12 6 15
172	8 15 13 7
173	3 16 9 8
174	3 5 15 1
175	14 20 1 11
176	19 13 15 20
177	19 20 4 7
178	7 13 20 10
179	17 2 20 18
180	18 8 4 2
181	17 10 5 9
182	11 5 13 3
183	6 2 13 1
184	3 10 5 9
185	2 12 4 13
186	9 18 15 1
187	13 15 12 16
188	11 1 9 14
189	16 5 17 1
190	13 15 3 8
191	14 18 10 19
192	15 10 7 18
193	2 11 9 16
194	20 18 8 14
195	1 12 11 8
196	4 17 1 9
197	19 1 7 17
198	14 5 10 12
199	1 2 8 12
200	1 16 12 7
