Students	200
1	1 13 16 7
2	9 16 20 14
3	18 2 4 16
4	18 10 16 9
5	7 11 6 5
6	17 13 7 12
7	19 8 11 10
8	14 13 10 7
9	8 5 3 18
10	12 15 17 7
11	18 15 1 10
12	9 5 20 15
13	18 20 13 2
14	10 15 20 1
15	20 9 6 2
16	14 15 5 3
17	16 9 4 7
18	19 12 6 15
19	1 19 8 11
20	6 10 12 17
21	4 18 2 13
22	14 4 6 7
23	2 4 17 16
24	12 1 18 19
25	6 1 4 14
26	16 18 8 20
27	12 2 17 14
28	6 11 13 17
29	5 6 8 4
30	20 19 11 10
31	11 13 7 12
32	17 1 10 19
33	5 14 6 15
34	4 19 3 10
35	6 4 16 18
36	11 1 19 13
37	10 11 17 6
38	10 15 7 14
39	11 19 18 3
40	17 20 8 14
41	15 14 18 20
42	5 16 1 8
43	5 11 2 8
44	6 16 20 5
45	6 10 14 9
46	18 10 6 15
47	4 19 1 12
48	10 11 9 17
49	18 17 20 1
50	3 14 20 4
51	5 8 14 9
52	1 3 13 8
53	19 15 12 20
54	15 11 18 1
55	17 9 20 12
56	2 6 18 4
57	7 8 2 10
58	18 12 3 20
59	15 12 6 4
60	8 18 6 3
61	6 19 1 15
62	11 18 4 20
63	16 18 10 8
64	14 17 9 19
65	6 11 16 19
66	12 14 13 4
67	17 19 3 12
68	2 8 20 10
69	15 5 13 18
70	13 14 10 2
71	9 15 4 14
72	8 15 16 5
73	1 11 8 13
74	9 7 14 11
75	18 9 17 7
76	9 4 7 8
77	16 2 17 13
78	17 2 6 11
79	19 17 12 15
80	7 19 3 18
81	1 4 12 17
82	7 8 19 3
83	4 9 7 13
84	13 7 8 5
85	5 16 17 20
86	16 17 7 13
87	13 15 9 12
88	18 14 9 7
89	16 17 7 10
90	14 17 2 7
91	19 18 7 14
92	12 11 7 19
93	1 17 18 7
94	16 7 20 3
95	11 15 14 9
96	11 10 14 9
97	8 10 16 7
98	8 12 13 9
99	3 15 16 13
100	14 13 11 15
101	15 17 4 16
102	9 3 5 1
103	10 6 13 12
104	9 11 13 6
105	10 1 2 6
106	3 1 10 16
107	1 15 8 2
108	19 1 9 14
109	8 10 4 5
110	20 6 10 13
111	6 1 16 18
112	5 13 14 3
113	20 19 4 9
114	6 20 3 11
115	9 15 18 12
116	13 10 9 17
117	2 7 8 1
118	12 6 18 3
119	19 6 12 7
120	17 7 6 20
121	15 18 6 4
122	17 7 4 19
123	15 12 4 14
124	13 11 17 16
125	14 12 19 8
126	12 5 18 4
127	6 10 13 8
128	8 15 16 13
129	3 2 6 13
130	11 7 17 19
131	7 16 10 17
132	19 10 20 1
133	10 18 2 11
134	17 9 5 16
135	20 19 1 8
136	10 16 3 19
137	19 12 20 17
138	17 14 11 12
139	7 16 15 20
140	3 19 15 10
141	9 5 12 4
142	2 18 17 12
143	9 14 4 13
144	19 2 13 1
145	10 2 4 19
146	6 11 20 1
147	10 19 17 14
148	18 19 5 10
149	3 7 19 6
150	16 3 6 17
151	14 8 2 13
152	5 4 20 10
153	13 14 12 4
154	15 11 17 13
155	1 2 7 3
156	8 12 14 20
157	20 8 10 12
158	18 20 2 3
159	4 15 19 13
160	10 12 3 17
161	9 11 10 20
162	17 16 20 3
163	1 3 14 2
164	3 10 14 1
165	13 17 12 20
166	13 17 18 12
167	17 1 16 15
168	15 11 16 10
169	8 13 3 7
170	11 5 13 12
171	5 6 1 12
172	2 10 19 20
173	10 18 5 14
174	5 13 11 10
175	9 16 4 6
176	9 1 10 7
177	13 4 18 14
178	20 6 11 14
179	9 3 7 13
180	20 15 7 9
181	15 1 20 19
182	3 15 5 11
183	17 18 19 6
184	16 19 6 11
185	9 4 14 11
186	20 3 5 8
187	17 14 12 1
188	19 16 5 4
189	14 17 18 7
190	6 7 1 12
191	6 3 11 12
192	2 10 12 5
193	8 13 7 3
194	8 4 9 16
195	18 13 1 19
196	17 18 6 9
197	7 19 6 20
198	18 10 5 19
199	6 19 2 20
200	8 4 6 16
