Students	200
1	15 20 16 4
2	12 18 20 16
3	8 13 14 1
4	14 1 3 16
5	7 4 9 15
6	14 20 17 5
7	9 1 16 3
8	4 1 11 17
9	15 14 8 19
10	10 2 16 3
11	9 6 1 17
12	10 4 15 17
13	2 16 10 9
14	2 11 14 13
15	11 16 17 2
16	7 12 19 2
17	6 20 13 18
18	2 10 9 14
19	10 2 14 20
20	6 14 10 17
21	16 5 20 8
22	1 9 20 18
23	13 6 18 10
24	2 3 19 18
25	15 5 3 8
26	3 2 17 13
27	19 9 11 15
28	9 17 18 11
29	12 5 20 17
30	1 3 15 18
31	11 20 8 3
32	6 2 3 5
33	13 7 15 3
34	8 13 17 18
35	12 15 16 13
36	1 14 11 12
37	20 5 8 12
38	5 16 1 13
39	16 20 5 8
40	11 18 19 6
41	13 5 12 11
42	19 10 8 9
43	20 17 7 4
44	5 10 6 13
45	11 12 5 16
46	8 13 7 19
47	14 11 2 18
48	1 2 10 15
49	3 14 10 15
50	15 10 17 7
51	10 13 1 12
52	13 19 9 18
53	1 12 3 19
54	11 9 19 5
55	4 8 12 1
56	17 20 12 4
57	17 3 6 1
58	5 9 10 18
59	5 2 3 13
60	9 20 17 6
61	8 1 20 15
62	7 5 4 14
63	14 19 7 12
64	13 12 5 16
65	12 13 16 9
66	13 11 12 9
67	2 13 17 7
68	2 20 12 18
69	10 7 1 16
70	14 9 15 10
71	2 11 17 13
72	2 16 13 20
73	15 4 8 5
74	18 16 15 12
75	1 15 5 18
76	11 10 4 20
77	5 8 13 11
78	12 8 11 10
79	8 2 15 17
80	8 20 15 12
81	19 6 12 4
82	3 2 14 4
83	19 14 15 18
84	16 14 13 1
85	10 2 12 1
86	15 5 9 12
87	16 20 19 14
88	20 18 9 12
89	9 6 16 1
90	4 9 13 15
91	7 17 6 3
92	5 11 13 18
93	12 6 11 8
94	5 3 18 14
95	13 6 1 19
96	20 3 18 11
97	11 7 20 1
98	15 4 16 18
99	4 12 8 7
100	4 9 12 15
101	11 17 4 14
102	1 6 13 17
103	8 13 17 16
104	8 14 13 7
105	8 18 12 20
106	14 11 3 5
107	17 4 2 12
108	6 19 15 5
109	7 14 3 2
110	6 1 19 20
111	17 18 5 10
112	6 1 5 14
113	3 2 19 11
114	3 5 11 1
115	7 12 10 19
116	20 19 8 12
117	4 10 8 17
118	8 14 17 3
119	1 18 11 14
120	5 13 20 10
121	13 4 18 17
122	19 16 5 14
123	20 17 7 10
124	5 2 12 20
125	20 9 12 16
126	17 10 12 15
127	19 11 14 3
128	13 2 7 6
129	9 19 11 13
130	16 7 15 17
131	9 5 3 17
132	14 12 8 5
133	3 9 14 19
134	8 18 12 6
135	20 8 15 1
136	13 18 8 12
137	14 16 9 19
138	15 4 11 10
139	13 4 19 8
140	12 5 16 15
141	17 4 1 12
142	5 12 19 6
143	4 2 11 10
144	20 10 15 9
145	12 18 1 16
146	1 20 3 10
147	13 19 5 15
148	13 4 11 19
149	9 5 4 8
150	13 1 14 15
151	19 6 12 2
152	14 8 5 11
153	3 8 11 19
154	9 18 5 2
155	6 9 11 14
156	16 11 10 7
157	12 15 16 13
158	2 1 16 9
159	15 9 11 17
160	17 7 3 4
161	3 6 1 16
162	14 13 7 6
163	14 10 6 17
164	8 14 7 16
165	9 16 5 17
166	15 3 5 20
167	8 14 1 10
168	10 15 17 7
169	17 19 18 6
170	9 3 16 1
171	15 17 2 3
172	2 3 4 5
173	4 19 2 14
174	7 12 19 20
175	6 5 8 20
176	18 15 3 16
177	11 13 14 4
178	14 5 16 3
179	10 15 2 13
180	5 6 11 17
181	11 1 2 18
182	2 5 9 6
183	16 7 13 18
184	5 13 17 11
185	1 12 7 17
186	6 5 12 7
187	15 9 16 1
188	4 11 15 8
189	19 9 15 2
190	16 12 8 1
191	12 20 8 4
192	20 18 11 13
193	18 6 20 3
194	3 6 11 4
195	1 17 7 2
196	17 1 10 4
197	7 15 1 8
198	18 11 20 14
199	13 10 18 3
200	20 14 2 5
