Students	200
1	10 15 7 3
2	20 19 1 7
3	7 16 15 14
4	11 10 15 8
5	12 11 17 3
6	3 20 14 9
7	11 6 16 13
8	14 12 4 18
9	9 4 17 7
10	17 14 3 13
11	7 17 10 4
12	1 14 4 2
13	11 2 20 8
14	19 13 4 11
15	1 19 18 4
16	17 5 7 8
17	15 2 12 4
18	7 6 15 1
19	8 20 4 18
20	14 12 1 4
21	13 15 16 17
22	12 18 9 4
23	11 15 13 16
24	15 18 6 12
25	9 3 18 16
26	6 16 2 1
27	15 20 8 10
28	4 9 8 20
29	15 6 12 19
30	10 19 6 16
31	4 6 5 11
32	17 7 1 10
33	12 4 1 7
34	10 19 1 16
35	5 14 17 9
36	14 11 18 10
37	6 20 13 10
38	14 8 3 18
39	18 13 20 11
40	6 11 8 2
41	17 9 12 1
42	19 13 17 15
43	16 19 14 9
44	1 5 14 10
45	15 16 6 14
46	5 13 6 10
47	10 12 4 3
48	15 1 17 16
49	13 7 9 12
50	2 16 12 3
51	8 9 16 15
52	3 1 16 10
53	18 7 15 1
54	4 1 20 6
55	5 4 14 13
56	17 20 19 5
57	8 14 19 4
58	7 3 6 9
59	3 10 5 6
60	16 20 11 12
61	18 2 19 10
62	6 12 8 5
63	8 3 7 2
64	10 16 15 14
65	18 2 3 7
66	8 16 4 13
67	18 20 8 6
68	11 13 17 6
69	18 13 8 15
70	20 3 13 6
71	13 12 19 18
72	16 13 5 9
73	9 17 19 16
74	2 16 6 11
75	2 10 13 7
76	14 11 10 5
77	1 13 20 5
78	14 16 8 17
79	1 20 19 17
80	18 16 12 7
81	9 2 3 14
82	3 6 15 10
83	12 7 3 2
84	9 19 4 5
85	13 8 16 6
86	5 20 14 7
87	14 9 2 5
88	7 17 9 2
89	7 15 4 9
90	5 4 16 11
91	16 3 17 1
92	5 15 10 18
93	13 15 20 10
94	14 12 4 20
95	16 20 1 10
96	3 8 5 2
97	20 4 19 14
98	2 3 1 12
99	8 12 7 17
100	1 15 12 13
101	2 18 5 11
102	10 18 16 11
103	14 5 20 17
104	1 20 2 12
105	19 7 1 2
106	7 17 1 6
107	3 7 19 15
108	2 14 1 20
109	10 6 18 4
110	5 3 14 2
111	13 15 11 7
112	15 10 6 17
113	18 8 10 4
114	16 1 11 9
115	2 1 3 13
116	15 7 14 16
117	4 14 16 5
118	12 20 9 2
119	18 9 15 20
120	4 3 15 20
121	18 13 6 12
122	2 1 15 16
123	18 5 2 17
124	8 9 7 6
125	10 13 7 20
126	17 9 20 15
127	13 18 16 6
128	17 8 12 1
129	3 18 11 17
130	10 15 12 17
131	2 14 15 17
132	15 16 17 1
133	14 5 15 12
134	6 12 2 19
135	13 15 10 7
136	7 18 10 9
137	13 15 5 8
138	19 5 6 13
139	18 16 1 19
140	7 16 17 1
141	13 18 7 6
142	15 3 6 2
143	19 16 3 18
144	16 17 7 15
145	16 4 12 5
146	6 18 17 2
147	17 16 4 18
148	13 5 8 19
149	5 1 10 16
150	2 11 6 7
151	1 9 8 12
152	14 3 8 9
153	4 5 12 19
154	16 14 7 9
155	2 14 13 9
156	5 20 19 7
157	2 8 1 19
158	12 11 10 17
159	12 11 18 9
160	1 2 16 3
161	1 7 10 8
162	17 10 16 8
163	1 3 16 10
164	3 9 7 15
165	1 10 5 12
166	19 17 4 12
167	19 15 5 13
168	15 18 14 13
169	14 8 5 17
170	20 14 12 19
171	5 18 3 11
172	15 11 4 19
173	16 4 19 7
174	17 16 7 19
175	3 18 19 12
176	20 9 13 7
177	5 2 17 8
178	19 9 20 3
179	3 14 17 12
180	11 6 16 17
181	2 10 4 12
182	16 20 6 12
183	7 8 14 2
184	12 20 4 10
185	4 19 7 1
186	2 20 15 8
187	10 9 19 20
188	16 5 15 3
189	3 14 1 10
190	16 8 7 3
191	6 12 20 5
192	15 6 17 20
193	6 7 10 2
194	13 2 16 1
195	1 8 19 4
196	5 19 11 12
197	7 19 8 15
198	18 20 5 3
199	17 15 9 7
200	3 16 14 4
