Students	200
1	16 7 17 20
2	1 11 7 19
3	13 3 6 9
4	7 17 13 8
5	2 1 12 11
6	14 7 19 11
7	20 5 14 16
8	3 10 19 12
9	2 6 16 4
10	11 16 12 18
11	3 12 15 20
12	17 12 11 13
13	15 16 14 11
14	18 4 15 11
15	13 5 10 6
16	20 7 14 12
17	9 2 20 4
18	8 14 18 10
19	8 4 16 19
20	8 2 1 16
21	18 7 13 10
22	7 4 13 18
23	2 15 20 12
24	8 2 15 5
25	16 9 19 3
26	16 12 18 15
27	16 20 17 6
28	17 14 10 1
29	4 11 9 1
30	9 4 12 1
31	10 18 5 9
32	19 5 6 4
33	5 1 20 8
34	11 5 14 20
35	20 9 14 16
36	8 6 10 3
37	11 5 13 4
38	17 14 11 13
39	20 18 3 19
40	4 6 19 13
41	3 7 11 1
42	18 5 3 9
43	12 1 7 18
44	1 12 18 8
45	14 11 20 7
46	15 5 12 7
47	19 15 20 10
48	7 8 5 3
49	16 20 18 2
50	13 2 7 20
51	15 20 3 13
52	20 5 14 19
53	18 1 2 12
54	9 18 8 16
55	2 3 4 8
56	15 5 18 8
57	3 8 15 6
58	13 7 14 6
59	15 10 5 9
60	1 18 14 5
61	13 17 2 12
62	2 9 7 16
63	11 5 19 15
64	1 12 13 17
65	17 6 7 14
66	4 18 3 5
67	9 13 14 10
68	17 16 11 9
69	6 4 13 12
70	11 10 14 2
71	19 14 5 12
72	7 17 3 18
73	17 14 12 13
74	4 11 19 17
75	10 19 14 18
76	16 11 9 13
77	8 10 14 16
78	18 20 2 6
79	10 18 7 8
80	1 19 13 10
81	20 7 19 18
82	12 18 9 17
83	7 17 18 16
84	1 16 5 17
85	1 6 4 16
86	11 17 7 6
87	20 3 1 12
88	8 20 5 11
89	16 4 9 18
90	2 11 4 3
91	16 20 14 19
92	20 2 18 9
93	8 2 18 12
94	11 13 7 10
95	18 12 19 9
96	5 3 6 9
97	9 5 18 11
98	9 4 15 8
99	1 15 6 5
100	10 20 12 1
101	19 4 7 16
102	18 2 14 9
103	4 19 15 14
104	5 8 2 15
105	4 13 11 2
106	1 10 6 8
107	7 17 15 16
108	18 17 4 12
109	6 17 7 15
110	12 11 17 8
111	2 18 3 7
112	20 10 3 5
113	17 7 2 11
114	18 1 4 8
115	13 10 20 16
116	11 5 9 12
117	20 5 3 18
118	8 17 1 10
119	9 8 7 12
120	12 5 7 8
121	6 18 11 12
122	10 7 4 14
123	15 11 8 12
124	7 1 17 20
125	14 3 20 11
126	4 11 15 10
127	6 15 3 11
128	4 12 11 2
129	20 10 13 4
130	7 18 10 15
131	4 16 12 1
132	19 7 10 8
133	16 2 13 15
134	11 17 12 15
135	16 3 11 4
136	7 5 6 4
137	1 20 7 5
138	9 4 2 1
139	8 2 12 9
140	9 12 3 16
141	11 6 16 9
142	10 16 14 12
143	10 15 17 16
144	5 15 8 11
145	14 5 12 6
146	9 15 1 5
147	11 10 1 13
148	8 10 13 7
149	13 12 3 1
150	1 18 14 20
151	10 11 12 17
152	14 9 19 20
153	10 6 13 19
154	11 17 15 20
155	15 5 13 18
156	12 14 15 9
157	2 15 3 5
158	13 19 1 17
159	4 3 11 16
160	6 7 19 9
161	2 4 15 17
162	10 16 8 9
163	20 4 19 14
164	19 1 9 7
165	6 4 3 15
166	6 2 5 18
167	4 2 15 13
168	12 5 9 2
169	16 10 3 7
170	19 20 1 11
171	5 7 15 14
172	3 12 13 7
173	1 5 20 14
174	19 5 16 13
175	20 7 3 12
176	19 1 7 6
177	6 15 8 7
178	7 2 1 3
179	7 6 19 8
180	15 20 4 1
181	7 14 17 16
182	13 5 8 4
183	11 2 14 7
184	16 18 9 20
185	8 16 1 19
186	12 20 9 19
187	7 15 11 9
188	3 15 6 16
189	6 14 1 18
190	10 15 2 9
191	16 12 8 17
192	11 8 14 20
193	3 5 7 20
194	16 10 4 17
195	16 18 7 11
196	16 13 10 9
197	1 5 10 11
198	18 9 13 14
199	7 14 6 10
200	15 1 6 14
