Students	200
1	15 4 14 8
2	14 3 15 9
3	8 7 11 12
4	20 2 7 9
5	12 5 1 10
6	14 19 5 12
7	7 1 19 20
8	1 5 16 10
9	5 9 8 19
10	19 1 4 3
11	7 9 16 20
12	16 15 6 3
13	6 15 3 2
14	18 5 14 7
15	10 14 4 17
16	20 17 6 12
17	10 3 2 8
18	4 7 11 14
19	9 12 13 16
20	13 18 8 19
21	2 6 16 19
22	1 12 11 13
23	10 6 11 18
24	9 15 2 3
25	3 5 12 11
26	16 2 19 10
27	7 19 9 20
28	14 4 5 6
29	1 5 19 20
30	20 12 4 5
31	1 10 16 2
32	10 16 15 3
33	12 18 14 20
34	13 15 17 12
35	19 2 4 8
36	14 12 20 16
37	14 16 17 10
38	15 2 20 9
39	13 12 7 14
40	2 1 13 15
41	9 6 2 17
42	9 8 6 13
43	10 17 20 6
44	10 3 13 6
45	4 1 14 9
46	10 19 14 18
47	9 15 1 13
48	7 9 11 13
49	3 15 4 17
50	16 12 3 15
51	19 6 15 13
52	5 8 13 14
53	13 16 14 10
54	16 14 12 7
55	10 18 1 2
56	6 18 13 10
57	7 5 16 18
58	12 10 8 9
59	11 3 5 18
60	17 16 6 4
61	10 14 5 20
62	2 7 20 5
63	12 3 15 14
64	16 6 13 18
65	3 15 11 10
66	11 19 4 7
67	1 16 9 4
68	12 11 4 10
69	4 13 7 19
70	14 2 12 17
71	20 13 14 16
72	15 10 18 2
73	20 12 18 14
74	18 6 8 9
75	7 3 4 20
76	7 17 16 20
77	3 11 13 4
78	4 18 10 2
79	13 16 7 17
80	14 16 15 8
81	14 12 2 3
82	2 6 16 11
83	17 7 5 16
84	1 3 17 12
85	4 17 7 18
86	8 16 17 14
87	10 8 17 9
88	3 8 13 12
89	8 18 5 9
90	16 13 2 6
91	7 16 1 18
92	3 17 4 16
93	6 2 16 13
94	10 18 4 13
95	12 10 2 7
96	19 15 12 16
97	17 5 16 19
98	5 2 11 20
99	18 10 11 4
100	14 11 17 9
101	4 14 11 7
102	14 11 6 5
103	5 20 3 11
104	18 15 16 8
105	14 2 16 7
106	6 9 12 7
107	19 8 11 6
108	11 9 20 18
109	18 3 20 16
110	17 14 4 19
111	13 15 11 10
112	6 3 14 15
113	1 12 11 4
114	2 11 17 3
115	19 1 17 5
116	19 11 1 20
117	19 10 4 18
118	12 20 17 4
119	16 3 18 8
120	7 11 2 4
121	5 19 9 14
122	6 8 3 15
123	8 5 7 13
124	18 4 15 11
125	19 9 20 1
126	13 4 18 6
127	18 9 11 4
128	2 18 4 7
129	15 5 18 13
130	13 10 11 12
131	17 20 6 13
132	11 18 12 3
133	9 3 12 10
134	19 5 2 7
135	5 19 20 15
136	15 14 17 18
137	2 3 17 4
138	20 3 2 14
139	7 20 2 17
140	16 13 4 17
141	18 2 7 10
142	6 13 15 11
143	17 11 2 1
144	4 6 5 1
145	17 15 1 3
146	18 10 12 13
147	7 5 13 6
148	13 9 1 10
149	14 16 10 19
150	12 1 13 17
151	16 11 7 17
152	17 5 3 6
153	5 3 18 8
154	17 3 13 9
155	6 10 15 8
156	5 6 3 17
157	16 12 20 1
158	13 20 10 14
159	7 1 3 10
160	4 19 13 18
161	14 16 5 7
162	10 7 19 13
163	19 6 15 16
164	1 11 10 19
165	5 7 10 16
166	7 5 10 11
167	5 15 9 4
168	1 12 2 5
169	4 15 12 14
170	14 17 19 4
171	10 12 14 7
172	13 16 3 11
173	13 16 10 9
174	16 4 5 15
175	6 18 14 17
176	10 5 11 18
177	12 17 6 4
178	18 5 19 16
179	10 19 9 20
180	19 9 6 13
181	6 4 14 15
182	3 14 8 2
183	4 7 8 2
184	15 6 10 17
185	11 19 16 1
186	20 17 9 1
187	20 9 16 15
188	1 3 7 11
189	14 12 7 16
190	19 18 10 13
191	18 4 16 3
192	11 14 17 18
193	11 16 4 3
194	13 1 14 9
195	8 3 1 19
196	17 6 10 8
197	10 8 2 7
198	3 8 11 13
199	3 5 20 1
200	12 8 15 18
