Students	200
1	19 4 2 7
2	2 1 18 17
3	3 16 18 1
4	11 1 10 2
5	16 2 9 8
6	13 16 14 8
7	9 1 12 20
8	1 19 16 2
9	13 2 8 15
10	4 11 17 15
11	17 20 8 10
12	19 8 20 7
13	1 16 20 6
14	18 6 9 2
15	8 1 4 16
16	17 20 19 8
17	4 2 8 17
18	1 3 13 11
19	2 20 18 16
20	3 16 5 12
21	1 11 7 2
22	12 11 17 6
23	4 15 14 17
24	5 13 9 6
25	6 19 20 16
26	19 16 20 18
27	19 7 2 12
28	1 15 13 2
29	1 13 10 17
30	10 17 9 13
31	20 1 11 4
32	5 8 17 13
33	4 18 3 10
34	12 1 7 10
35	10 18 11 2
36	7 5 9 3
37	3 20 13 19
38	9 4 3 2
39	4 17 3 2
40	2 5 9 18
41	11 19 15 7
42	4 8 19 20
43	9 4 19 11
44	11 18 20 8
45	1 5 13 19
46	17 2 12 16
47	2 16 11 6
48	13 6 1 3
49	19 17 12 14
50	20 14 7 5
51	14 4 17 9
52	9 5 1 16
53	2 6 19 14
54	5 1 9 6
55	13 15 9 6
56	13 9 3 15
57	11 18 14 15
58	16 18 20 8
59	4 6 18 16
60	3 7 15 9
61	5 4 2 10
62	7 8 20 11
63	19 17 1 4
64	18 13 14 20
65	5 9 14 4
66	3 9 18 16
67	2 18 15 9
68	19 1 8 9
69	19 4 6 8
70	13 14 8 9
71	10 19 16 8
72	8 15 6 17
73	4 1 2 3
74	4 10 2 18
75	12 8 7 10
76	17 9 14 11
77	8 16 18 20
78	1 7 8 12
79	7 18 14 16
80	15 6 4 13
81	17 11 5 2
82	11 9 20 13
83	17 2 4 14
84	11 19 15 9
85	16 11 9 17
86	1 8 7 6
87	6 11 15 10
88	2 8 9 18
89	13 18 3 14
90	17 15 19 20
91	17 6 13 20
92	5 3 6 10
93	19 5 9 13
94	8 10 5 16
95	10 1 15 5
96	7 18 14 13
97	12 16 6 11
98	17 14 3 10
99	14 18 16 7
100	4 3 13 10
101	1 9 15 2
102	3 19 11 17
103	6 10 13 7
104	11 13 14 6
105	19 15 17 9
106	17 13 20 2
107	7 19 10 6
108	10 7 8 17
109	7 9 13 18
110	8 6 4 16
111	2 10 7 15
112	2 3 17 6
113	12 8 4 6
114	20 11 8 13
115	2 18 20 10
116	2 13 7 16
117	19 16 3 5
118	7 9 2 20
119	14 13 18 1
120	2 16 3 7
121	14 10 8 4
122	20 7 4 5
123	9 13 18 14
124	10 7 20 8
125	13 8 1 9
126	4 19 12 20
127	17 1 20 8
128	13 5 2 4
129	16 18 9 20
130	3 14 15 5
131	3 14 8 13
132	4 10 19 13
133	10 14 8 11
134	2 19 17 3
135	16 7 19 14
136	14 13 12 2
137	5 17 4 16
138	10 1 13 9
139	9 19 6 14
140	13 17 8 9
141	4 11 7 20
142	15 2 7 5
143	17 6 2 14
144	8 4 12 2
145	8 10 9 13
146	14 12 7 18
147	1 6 20 11
148	5 1 4 6
149	14 1 12 2
150	5 13 6 11
151	15 3 6 1
152	16 14 18 17
153	12 4 2 14
154	19 3 18 1
155	3 2 7 4
156	3 4 9 11
157	14 7 1 19
158	9 18 8 16
159	20 16 1 8
160	14 3 8 4
161	15 18 19 12
162	5 12 2 18
163	11 6 5 3
164	15 4 20 1
165	6 17 5 3
166	4 5 11 20
167	10 15 16 18
168	13 1 10 9
169	8 10 19 15
170	2 15 11 6
171	10 15 13 5
172	6 20 17 10
173	13 9 7 20
174	12 19 1 17
175	16 14 17 20
176	19 14 15 11
177	1 20 2 6
178	1 8 2 20
179	9 10 8 19
180	7 18 4 17
181	13 6 20 17
182	19 10 7 15
183	19 15 7 10
184	3 10 20 6
185	7 3 4 13
186	16 9 15 6
187	10 17 2 16
188	15 17 4 18
189	12 18 17 13
190	15 16 11 20
191	8 4 17 12
192	17 15 10 16
193	4 20 2 8
194	10 12 16 20
195	15 7 11 19
196	12 11 10 6
197	17 1 3 14
198	20 3 16 5
199	10 7 2 15
200	10 8 5 16
