Students	200
1	1 16 12 2
2	5 13 11 18
3	17 19 9 18
4	19 12 2 13
5	5 16 19 1
6	4 6 12 5
7	15 1 16 11
8	6 1 8 16
9	15 17 13 14
10	16 15 17 20
11	16 12 17 1
12	2 15 5 11
13	8 1 4 3
14	8 11 14 19
15	9 8 12 4
16	10 19 4 11
17	7 4 19 6
18	5 18 13 1
19	16 10 13 20
20	9 13 19 16
21	20 3 1 9
22	2 18 17 13
23	7 1 20 13
24	19 5 16 2
25	18 8 20 3
26	4 15 18 10
27	15 14 4 2
28	11 13 7 18
29	5 19 8 2
30	7 17 9 13
31	13 11 10 7
32	14 17 6 19
33	16 3 9 6
34	7 16 15 19
35	13 19 9 6
36	18 5 12 9
37	1 12 11 14
38	19 10 18 8
39	10 19 6 2
40	4 9 17 13
41	19 17 3 4
42	10 1 7 2
43	17 12 5 16
44	7 16 17 20
45	15 18 1 7
46	9 8 3 4
47	7 19 15 14
48	12 4 18 6
49	20 18 13 1
50	19 17 9 11
51	3 19 14 6
52	4 17 18 1
53	20 13 6 5
54	5 18 2 15
55	10 14 13 5
56	13 20 16 2
57	15 7 13 5
58	11 16 2 18
59	12 5 18 8
60	4 9 2 18
61	2 14 17 9
62	10 3 15 17
63	16 5 17 4
64	18 7 5 12
65	4 14 16 6
66	20 14 19 15
67	2 3 14 11
68	5 19 10 2
69	9 20 8 16
70	16 7 19 20
71	10 20 12 6
72	17 15 1 4
73	17 6 11 4
74	18 6 11 8
75	7 4 1 14
76	20 9 15 3
77	4 11 5 12
78	2 18 8 10
79	3 1 18 4
80	4 5 1 13
81	1 20 5 11
82	14 1 18 13
83	17 13 11 20
84	17 2 19 13
85	11 18 7 6
86	1 8 10 16
87	17 19 13 7
88	17 11 10 8
89	17 15 11 5
90	8 4 19 17
91	16 18 12 14
92	12 11 8 4
93	8 9 16 20
94	5 11 3 1
95	8 2 4 19
96	14 19 12 5
97	2 17 5 8
98	4 5 9 16
99	2 14 13 9
100	7 8 18 11
101	6 11 19 8
102	4 18 16 15
103	13 18 7 6
104	15 5 18 4
105	11 9 6 10
106	2 18 8 5
107	12 3 19 9
108	8 3 2 20
109	15 20 6 10
110	11 14 10 5
111	18 9 7 20
112	8 7 9 10
113	10 19 20 5
114	8 9 5 7
115	20 6 9 4
116	4 2 10 5
117	20 8 2 16
118	16 10 2 15
119	9 20 4 14
120	15 20 10 1
121	14 10 8 6
122	12 20 10 7
123	1 10 2 7
124	6 13 5 18
125	8 18 14 5
126	16 10 8 14
127	14 13 20 3
128	3 10 11 1
129	10 19 8 1
130	20 14 5 19
131	3 8 5 9
132	12 4 13 20
133	17 1 6 7
134	7 8 10 12
135	4 8 20 11
136	17 7 12 20
137	1 2 13 9
138	17 11 16 9
139	5 17 20 8
140	11 5 6 17
141	7 12 5 16
142	14 3 6 2
143	14 10 13 9
144	1 11 20 15
145	4 18 9 8
146	4 9 2 18
147	8 3 10 13
148	16 9 5 1
149	11 5 12 14
150	20 17 19 14
151	6 9 3 11
152	15 3 8 17
153	7 14 19 16
154	20 19 18 17
155	4 11 15 20
156	6 19 12 7
157	17 20 13 10
158	19 10 9 2
159	12 2 5 7
160	19 9 7 18
161	6 12 9 18
162	18 15 3 7
163	4 17 11 15
164	18 10 6 16
165	3 18 10 7
166	5 17 12 8
167	3 13 1 11
168	10 14 18 17
169	7 1 19 8
170	2 12 4 6
171	6 11 14 18
172	3 18 10 11
173	4 17 19 18
174	14 11 6 13
175	8 3 19 12
176	14 11 7 4
177	6 18 20 12
178	6 16 5 3
179	19 11 13 5
180	3 5 20 16
181	5 11 14 16
182	5 12 13 9
183	6 8 1 4
184	13 15 4 12
185	20 18 13 1
186	18 2 13 5
187	3 12 19 9
188	19 17 14 11
189	5 19 12 4
190	18 12 14 13
191	16 9 20 5
192	20 9 19 17
193	9 7 17 16
194	10 20 1 7
195	17 15 13 9
196	11 14 20 19
197	5 12 11 9
198	16 3 8 4
199	9 6 8 17
200	13 14 1 6
