Class Times	30
Rooms	30
1	389
2	943
3	45
4	752
5	929
6	248
7	766
8	319
9	729
10	985
11	760
12	424
13	543
14	398
15	250
16	996
17	587
18	83
19	233
20	422
21	987
22	678
23	469
24	247
25	729
26	605
27	407
28	803
29	437
30	925
Classes	80
Teachers	40
1	39
2	17
3	23
4	15
5	25
6	7
7	34
8	24
9	9
10	4
11	16
12	10
13	2
14	16
15	20
16	29
17	23
18	39
19	31
20	5
21	12
22	37
23	40
24	29
25	25
26	30
27	8
28	26
29	8
30	18
31	35
32	20
33	9
34	19
35	14
36	17
37	11
38	4
39	40
40	5
41	35
42	36
43	14
44	31
45	1
46	38
47	30
48	12
49	27
50	19
51	2
52	6
53	27
54	26
55	32
56	28
57	28
58	21
59	36
60	18
61	33
62	21
63	34
64	13
65	15
66	24
67	11
68	33
69	3
70	22
71	10
72	6
73	7
74	38
75	13
76	37
77	1
78	32
79	3
80	22
