Class Times	30
Rooms	30
1	653
2	580
3	453
4	72
5	735
6	548
7	568
8	225
9	938
10	916
11	571
12	426
13	722
14	37
15	656
16	864
17	905
18	248
19	380
20	940
21	64
22	208
23	79
24	499
25	533
26	177
27	432
28	108
29	991
30	415
Classes	80
Teachers	40
1	17
2	40
3	12
4	16
5	15
6	21
7	32
8	36
9	9
10	34
11	16
12	17
13	15
14	9
15	40
16	24
17	23
18	12
19	35
20	5
21	3
22	31
23	29
24	24
25	30
26	36
27	26
28	31
29	18
30	1
31	29
32	2
33	19
34	28
35	28
36	19
37	11
38	14
39	7
40	4
41	34
42	5
43	38
44	8
45	7
46	11
47	25
48	21
49	20
50	20
51	35
52	3
53	18
54	27
55	22
56	38
57	26
58	32
59	13
60	30
61	22
62	39
63	23
64	37
65	13
66	6
67	6
68	1
69	10
70	37
71	10
72	27
73	2
74	8
75	39
76	33
77	4
78	33
79	14
80	25
