Class Times	30
Rooms	30
1	769
2	534
3	82
4	347
5	919
6	422
7	406
8	808
9	442
10	501
11	600
12	487
13	981
14	306
15	480
16	556
17	112
18	551
19	790
20	533
21	52
22	14
23	808
24	519
25	434
26	689
27	418
28	783
29	236
30	691
Classes	80
Teachers	40
1	1
2	5
3	16
4	30
5	3
6	28
7	36
8	35
9	18
10	27
11	36
12	34
13	35
14	15
15	16
16	23
17	9
18	14
19	19
20	38
21	31
22	15
23	8
24	14
25	12
26	39
27	13
28	23
29	19
30	21
31	4
32	32
33	7
34	21
35	13
36	6
37	6
38	20
39	11
40	9
41	40
42	39
43	3
44	30
45	24
46	26
47	32
48	2
49	8
50	26
51	7
52	22
53	2
54	38
55	25
56	1
57	40
58	33
59	18
60	4
61	31
62	34
63	25
64	5
65	37
66	11
67	37
68	12
69	24
70	20
71	10
72	29
73	29
74	22
75	17
76	10
77	27
78	28
79	17
80	33
