Class Times	30
Rooms	30
1	978
2	346
3	67
4	807
5	315
6	39
7	762
8	474
9	699
10	34
11	290
12	838
13	736
14	259
15	940
16	909
17	379
18	507
19	639
20	945
21	156
22	538
23	474
24	259
25	838
26	576
27	811
28	60
29	264
30	382
Classes	80
Teachers	40
1	21
2	29
3	2
4	33
5	22
6	2
7	19
8	12
9	13
10	25
11	14
12	14
13	35
14	38
15	37
16	18
17	28
18	19
19	18
20	28
21	9
22	24
23	27
24	27
25	38
26	20
27	1
28	30
29	29
30	30
31	5
32	13
33	5
34	24
35	3
36	11
37	25
38	15
39	35
40	31
41	40
42	37
43	3
44	10
45	39
46	22
47	34
48	39
49	16
50	6
51	4
52	17
53	26
54	15
55	36
56	32
57	16
58	20
59	7
60	17
61	9
62	4
63	11
64	8
65	6
66	32
67	31
68	1
69	23
70	10
71	8
72	21
73	26
74	7
75	33
76	23
77	12
78	40
79	34
80	36
