Class Times	30
Rooms	30
1	66
2	938
3	53
4	727
5	450
6	831
7	859
8	335
9	956
10	313
11	782
12	792
13	847
14	461
15	140
16	26
17	445
18	215
19	804
20	490
21	34
22	475
23	446
24	766
25	117
26	575
27	339
28	673
29	557
30	732
Classes	80
Teachers	40
1	39
2	18
3	10
4	4
5	29
6	23
7	4
8	7
9	25
10	26
11	23
12	30
13	8
14	20
15	32
16	34
17	24
18	30
19	2
20	39
21	8
22	21
23	26
24	31
25	17
26	19
27	38
28	37
29	40
30	37
31	28
32	16
33	33
34	11
35	13
36	22
37	5
38	16
39	18
40	35
41	28
42	38
43	22
44	29
45	36
46	20
47	17
48	1
49	14
50	14
51	12
52	15
53	34
54	27
55	1
56	12
57	32
58	15
59	10
60	7
61	24
62	5
63	2
64	21
65	31
66	36
67	40
68	13
69	27
70	33
71	19
72	6
73	6
74	9
75	35
76	3
77	9
78	3
79	11
80	25
