Students	400
1	62 45 58 34
2	53 27 48 46
3	16 2 32 60
4	75 20 45 57
5	79 35 14 34
6	71 63 48 73
7	15 79 67 3
8	63 22 79 45
9	29 35 43 25
10	36 23 67 18
11	58 62 33 3
12	12 62 10 68
13	24 73 76 65
14	40 69 68 13
15	38 23 69 10
16	54 43 77 3
17	33 8 60 30
18	20 73 15 1
19	80 64 1 73
20	70 79 43 42
21	62 53 8 6
22	9 47 71 56
23	79 28 38 66
24	39 51 42 57
25	48 68 22 62
26	1 9 3 79
27	43 72 9 1
28	74 77 38 35
29	49 23 58 56
30	67 47 32 30
31	33 54 64 55
32	74 76 10 1
33	38 65 25 46
34	76 39 45 48
35	1 7 62 32
36	55 49 23 57
37	58 16 39 80
38	24 39 28 14
39	7 57 71 61
40	43 49 8 65
41	43 60 38 39
42	35 40 2 71
43	23 40 64 48
44	60 8 21 43
45	65 55 34 8
46	4 55 35 36
47	72 57 76 28
48	23 77 61 12
49	56 1 70 55
50	41 7 62 24
51	4 8 66 73
52	34 57 12 65
53	78 66 59 60
54	6 22 1 4
55	8 72 44 78
56	18 79 61 56
57	68 21 14 4
58	8 39 31 46
59	15 48 27 40
60	52 9 15 22
61	69 45 79 32
62	78 38 66 25
63	41 23 7 46
64	3 64 40 7
65	43 77 11 20
66	67 78 60 8
67	44 59 47 49
68	50 11 15 6
69	2 25 37 38
70	32 47 48 44
71	59 60 66 11
72	61 29 50 14
73	54 78 50 33
74	76 66 64 63
75	2 12 71 30
76	19 68 44 2
77	78 25 66 64
78	77 24 8 48
79	19 20 40 17
80	66 13 16 75
81	37 6 72 46
82	25 2 52 32
83	39 25 51 28
84	58 36 56 80
85	44 78 15 51
86	78 38 69 40
87	3 13 73 47
88	43 39 68 35
89	19 9 13 45
90	45 24 10 39
91	49 43 80 55
92	34 33 15 80
93	42 41 77 15
94	1 31 38 70
95	22 47 9 68
96	50 42 8 49
97	13 78 4 62
98	25 46 26 13
99	42 35 15 26
100	49 75 42 32
101	75 41 1 74
102	36 77 34 24
103	29 1 33 40
104	34 56 80 54
105	26 43 61 19
106	35 37 30 23
107	53 48 41 20
108	55 6 73 63
109	28 25 61 42
110	78 44 35 11
111	58 56 35 24
112	37 1 64 11
113	77 34 16 47
114	22 34 74 58
115	11 15 56 57
116	51 52 14 57
117	13 41 59 14
118	44 34 38 32
119	50 35 41 4
120	27 28 57 14
121	5 19 20 1
122	34 68 50 43
123	58 8 63 16
124	61 64 43 52
125	4 40 41 79
126	75 33 55 32
127	46 19 10 62
128	46 73 38 33
129	65 17 50 56
130	32 31 43 37
131	78 19 52 60
132	39 68 38 26
133	76 10 52 57
134	69 73 53 43
135	56 71 42 27
136	29 5 61 71
137	30 59 45 73
138	62 74 73 30
139	45 6 20 78
140	42 63 2 79
141	53 11 6 50
142	67 42 35 14
143	71 49 15 65
144	36 61 43 22
145	31 3 62 21
146	71 39 52 75
147	13 4 44 65
148	57 41 71 23
149	79 67 22 69
150	42 27 53 39
151	48 40 78 42
152	75 56 73 43
153	77 35 31 47
154	44 57 13 51
155	12 29 31 69
156	71 42 65 74
157	61 16 56 69
158	69 28 67 3
159	56 53 12 64
160	13 75 76 46
161	15 34 17 62
162	62 51 54 45
163	67 10 76 21
164	44 2 59 34
165	13 43 37 14
166	63 77 34 20
167	6 30 35 45
168	36 37 80 64
169	21 61 72 11
170	60 2 11 7
171	15 72 36 25
172	31 41 71 76
173	17 27 69 35
174	46 42 11 73
175	50 7 8 13
176	33 80 26 24
177	4 52 73 67
178	34 62 29 15
179	6 65 63 53
180	46 8 31 1
181	55 64 46 24
182	59 18 61 51
183	59 25 67 15
184	18 71 30 15
185	65 43 21 46
186	59 3 30 66
187	54 5 47 64
188	35 80 26 49
189	38 43 44 51
190	17 3 24 7
191	52 28 76 20
192	74 62 1 14
193	3 35 47 76
194	58 56 41 48
195	76 31 58 66
196	31 71 10 1
197	77 8 40 54
198	50 15 28 33
199	21 23 32 80
200	20 73 17 61
201	11 15 1 23
202	32 12 55 62
203	20 77 10 40
204	48 30 58 24
205	42 45 49 52
206	47 17 41 58
207	64 8 48 9
208	18 4 36 68
209	68 39 43 80
210	1 26 80 22
211	72 77 25 24
212	55 64 7 76
213	53 51 16 35
214	60 17 47 38
215	18 76 67 6
216	29 23 80 66
217	62 27 40 41
218	52 70 57 48
219	6 44 3 20
220	31 67 80 70
221	51 69 59 2
222	60 56 28 9
223	40 15 19 77
224	10 2 21 52
225	6 66 23 76
226	8 42 73 5
227	63 26 8 32
228	30 21 25 7
229	79 62 6 78
230	44 30 54 56
231	28 46 64 36
232	73 1 4 10
233	67 71 9 1
234	69 35 57 54
235	46 34 37 59
236	77 41 24 72
237	80 49 3 70
238	37 22 69 72
239	23 64 20 22
240	72 15 7 11
241	29 34 4 74
242	39 61 31 4
243	66 59 37 61
244	9 1 73 35
245	53 23 65 11
246	1 73 19 39
247	73 54 32 6
248	71 53 40 43
249	38 21 31 17
250	51 53 6 56
251	59 21 2 57
252	64 8 1 70
253	72 40 68 47
254	62 25 43 64
255	4 53 52 8
256	67 63 45 74
257	19 44 52 27
258	30 21 34 52
259	15 68 6 80
260	26 10 33 3
261	29 45 46 36
262	63 6 45 41
263	10 11 3 39
264	35 28 39 3
265	39 7 66 79
266	18 10 67 43
267	21 11 66 25
268	66 9 71 47
269	38 25 61 3
270	67 26 41 22
271	30 75 32 33
272	34 59 40 6
273	80 2 21 36
274	34 55 54 80
275	67 74 34 79
276	70 37 79 50
277	12 59 54 69
278	27 62 58 63
279	30 62 6 50
280	68 36 66 41
281	29 41 67 38
282	78 11 80 38
283	48 46 33 75
284	19 26 72 74
285	50 59 62 40
286	10 44 7 60
287	24 66 60 5
288	5 33 11 78
289	36 56 64 25
290	68 26 29 18
291	2 37 73 46
292	4 80 39 47
293	29 62 22 7
294	50 11 66 65
295	51 67 50 55
296	55 64 16 1
297	3 4 53 9
298	63 6 28 47
299	17 42 68 14
300	37 55 66 74
301	62 56 18 33
302	32 69 2 71
303	63 58 35 68
304	75 54 1 52
305	34 37 62 5
306	35 37 38 68
307	61 71 48 62
308	59 75 29 1
309	13 23 48 11
310	31 56 19 77
311	3 48 9 56
312	38 33 35 12
313	55 67 75 52
314	20 30 6 13
315	61 13 58 18
316	33 65 71 9
317	35 79 8 11
318	59 45 61 77
319	64 20 77 11
320	49 65 13 20
321	72 13 67 42
322	22 15 37 56
323	20 17 7 62
324	9 76 6 43
325	6 71 35 45
326	59 29 51 64
327	25 17 14 41
328	28 63 6 18
329	42 60 26 38
330	69 7 41 48
331	73 66 75 30
332	70 13 6 74
333	16 11 28 19
334	35 78 53 42
335	33 34 15 65
336	47 18 12 40
337	72 50 34 19
338	35 74 10 6
339	65 48 45 67
340	36 72 40 17
341	5 34 15 67
342	72 61 74 27
343	38 33 3 4
344	63 10 3 34
345	36 80 10 47
346	22 15 38 6
347	25 67 15 59
348	4 14 61 72
349	11 16 18 43
350	23 19 30 64
351	56 5 39 26
352	32 22 30 33
353	64 54 59 66
354	45 30 48 23
355	23 73 52 10
356	66 62 18 17
357	72 27 48 45
358	65 40 4 8
359	77 24 69 26
360	20 36 40 54
361	65 60 1 18
362	27 33 10 37
363	75 5 35 40
364	40 19 14 74
365	57 22 56 4
366	6 20 29 65
367	20 46 70 10
368	32 50 43 68
369	15 9 50 1
370	70 67 25 2
371	8 15 6 61
372	54 6 19 70
373	72 79 76 40
374	13 39 44 43
375	33 29 27 25
376	10 26 20 39
377	18 37 5 34
378	46 47 73 74
379	37 16 74 53
380	26 70 59 57
381	39 41 9 70
382	79 78 57 18
383	59 50 67 29
384	45 79 2 5
385	49 29 2 79
386	1 40 28 73
387	51 78 55 67
388	79 24 30 74
389	56 16 55 76
390	28 43 58 14
391	13 2 59 18
392	25 22 53 77
393	15 78 48 69
394	48 30 47 77
395	65 67 16 30
396	4 66 27 24
397	42 2 43 63
398	49 68 4 60
399	52 70 49 18
400	33 26 76 80
