Students	400
1	30 21 22 57
2	49 26 43 53
3	73 49 15 75
4	27 6 24 37
5	79 70 11 2
6	14 43 48 59
7	3 39 52 21
8	71 1 2 51
9	9 44 63 52
10	22 70 76 30
11	27 41 60 4
12	47 75 62 77
13	45 68 63 12
14	12 51 47 37
15	71 3 47 37
16	25 51 68 14
17	52 78 45 17
18	8 40 63 27
19	26 12 58 64
20	24 11 4 1
21	26 42 36 74
22	26 30 11 56
23	33 8 79 24
24	21 77 2 61
25	76 44 12 37
26	6 12 77 63
27	77 10 16 6
28	32 12 5 8
29	44 37 41 48
30	62 32 11 79
31	67 39 13 50
32	23 19 60 75
33	41 4 60 6
34	21 33 19 29
35	41 70 5 48
36	71 59 19 45
37	6 43 1 61
38	16 33 36 26
39	12 17 15 18
40	14 71 17 79
41	68 12 6 26
42	44 32 7 60
43	23 47 9 37
44	15 56 34 13
45	78 53 13 58
46	71 43 15 2
47	44 71 51 80
48	22 39 27 17
49	35 14 74 24
50	43 46 54 12
51	37 58 36 71
52	15 77 11 47
53	45 60 29 47
54	57 48 44 9
55	3 62 66 61
56	11 75 71 65
57	46 35 23 47
58	28 52 71 53
59	14 70 48 71
60	28 31 45 52
61	70 46 49 66
62	33 48 30 80
63	50 8 34 77
64	46 20 19 44
65	80 37 25 61
66	41 33 2 12
67	16 58 44 45
68	65 37 49 74
69	17 54 77 25
70	72 77 13 7
71	45 18 61 65
72	12 14 56 71
73	80 4 16 5
74	78 61 60 39
75	14 52 27 20
76	18 25 74 44
77	16 47 53 51
78	56 26 64 80
79	53 55 34 17
80	28 50 53 44
81	29 41 15 52
82	65 59 44 36
83	35 29 51 47
84	62 77 45 32
85	61 44 24 46
86	44 28 36 35
87	73 7 50 8
88	1 52 62 7
89	17 37 19 75
90	45 14 65 67
91	13 67 46 44
92	29 50 13 69
93	69 15 5 23
94	35 18 25 51
95	12 41 30 72
96	20 46 74 77
97	16 13 68 26
98	16 3 43 55
99	6 65 76 28
100	3 69 2 73
101	68 27 6 33
102	54 75 9 73
103	62 64 11 34
104	35 46 29 7
105	60 53 27 39
106	14 75 69 67
107	33 44 13 65
108	70 41 48 25
109	2 21 31 17
110	68 14 58 63
111	80 18 40 55
112	10 24 18 64
113	9 56 18 64
114	31 32 40 73
115	72 46 50 21
116	60 18 53 1
117	20 19 15 11
118	47 26 67 74
119	48 34 53 3
120	5 18 53 43
121	72 48 65 50
122	64 29 74 69
123	59 28 36 49
124	74 61 13 5
125	62 73 55 17
126	70 24 10 79
127	37 66 32 19
128	27 2 36 6
129	10 58 1 40
130	43 59 50 52
131	65 40 7 28
132	50 41 21 66
133	42 38 8 66
134	23 12 73 46
135	34 35 64 2
136	56 4 37 51
137	31 60 56 49
138	22 13 44 20
139	78 32 9 51
140	69 2 53 61
141	25 65 46 53
142	32 41 79 3
143	58 35 26 45
144	10 64 50 21
145	44 62 42 33
146	57 25 76 29
147	4 79 49 53
148	18 7 19 13
149	72 32 53 57
150	74 32 38 55
151	17 54 52 63
152	43 2 21 4
153	44 38 72 17
154	27 55 10 41
155	80 78 68 40
156	43 24 42 14
157	19 35 75 47
158	10 35 55 29
159	39 33 7 34
160	79 78 57 67
161	20 43 47 41
162	65 30 41 58
163	3 39 1 9
164	74 6 73 5
165	76 42 32 29
166	78 75 60 4
167	32 21 22 66
168	52 21 57 73
169	16 1 29 55
170	19 72 78 76
171	45 12 36 28
172	16 39 41 25
173	12 66 25 28
174	22 30 26 77
175	27 8 65 50
176	46 12 73 38
177	75 77 8 27
178	7 54 42 19
179	25 55 3 57
180	13 52 60 12
181	74 49 76 2
182	73 48 71 24
183	51 77 9 27
184	26 21 15 13
185	43 1 31 61
186	80 71 36 33
187	66 77 8 28
188	80 72 48 70
189	6 43 74 27
190	62 54 17 16
191	13 80 5 25
192	15 16 13 49
193	52 19 24 3
194	45 19 5 60
195	8 22 52 41
196	71 29 6 55
197	57 77 25 50
198	23 31 41 9
199	52 64 20 12
200	43 40 31 7
201	44 46 29 37
202	14 64 40 80
203	47 28 36 43
204	67 33 24 42
205	7 27 13 25
206	43 9 46 80
207	49 26 21 19
208	8 40 19 64
209	22 48 71 10
210	3 2 30 45
211	3 36 43 12
212	44 47 31 52
213	16 68 29 56
214	7 30 35 70
215	47 8 14 55
216	64 46 38 75
217	45 32 64 9
218	54 15 10 60
219	5 10 44 55
220	54 66 28 53
221	11 34 1 69
222	73 44 39 30
223	56 43 71 54
224	54 23 79 78
225	32 51 30 68
226	58 34 65 27
227	45 32 24 35
228	3 5 68 16
229	34 17 71 18
230	45 10 9 26
231	2 37 16 60
232	2 43 12 46
233	28 1 25 38
234	74 40 8 10
235	70 80 6 40
236	13 32 65 80
237	21 17 11 18
238	48 26 28 2
239	28 39 71 74
240	35 8 38 52
241	29 79 30 39
242	71 19 11 64
243	25 71 13 34
244	7 72 21 57
245	18 42 26 17
246	51 36 13 73
247	5 25 60 70
248	61 50 32 30
249	32 22 60 24
250	1 37 12 38
251	76 7 74 61
252	43 14 66 54
253	1 10 3 45
254	65 50 56 74
255	45 19 65 67
256	37 4 19 3
257	11 18 28 55
258	12 22 47 70
259	51 17 69 38
260	41 80 7 52
261	29 59 77 61
262	19 12 2 76
263	24 16 63 33
264	56 7 1 50
265	31 30 66 5
266	24 22 53 67
267	55 8 9 19
268	28 22 18 37
269	43 59 80 52
270	44 11 21 72
271	52 26 64 72
272	63 71 19 80
273	25 4 41 18
274	14 55 17 5
275	21 63 58 80
276	17 67 55 41
277	66 58 2 76
278	48 72 23 57
279	58 27 13 9
280	40 15 72 19
281	79 64 74 53
282	17 54 37 61
283	53 49 32 4
284	10 69 15 2
285	48 16 54 78
286	16 46 60 11
287	14 36 26 22
288	55 33 40 20
289	6 34 30 20
290	32 7 15 63
291	41 65 3 77
292	48 34 64 51
293	72 68 10 56
294	39 24 29 3
295	7 11 75 38
296	13 6 80 46
297	58 80 10 76
298	75 55 46 37
299	32 15 47 80
300	18 70 40 54
301	3 56 73 66
302	29 58 68 49
303	45 7 57 14
304	56 59 10 13
305	4 16 69 9
306	63 20 12 48
307	24 46 4 19
308	4 17 55 31
309	23 29 34 54
310	58 65 33 20
311	4 11 58 10
312	18 76 63 16
313	30 56 79 21
314	25 68 71 48
315	2 27 52 19
316	24 77 37 50
317	33 70 29 67
318	35 30 54 37
319	24 40 25 44
320	5 72 52 3
321	47 66 2 30
322	69 39 37 11
323	17 70 15 28
324	29 21 35 1
325	66 63 16 37
326	73 61 34 56
327	62 39 56 7
328	36 77 7 4
329	5 29 54 28
330	23 15 52 33
331	16 73 43 57
332	6 3 16 37
333	37 10 45 32
334	7 48 25 53
335	17 71 2 8
336	60 7 40 15
337	76 2 26 32
338	23 17 48 41
339	73 9 20 5
340	37 74 1 61
341	31 38 72 14
342	63 64 58 51
343	53 68 38 12
344	29 18 30 57
345	7 38 43 67
346	59 33 10 72
347	67 28 14 72
348	47 14 20 27
349	66 27 25 52
350	37 68 34 64
351	61 76 59 55
352	77 52 10 9
353	36 12 46 43
354	28 31 65 56
355	8 69 31 64
356	32 53 5 70
357	41 40 46 74
358	20 29 22 30
359	27 63 22 29
360	43 63 25 17
361	13 29 3 36
362	69 54 79 80
363	26 11 63 79
364	29 4 31 32
365	72 42 75 52
366	73 9 3 31
367	55 1 52 62
368	7 3 52 16
369	49 57 66 14
370	1 66 27 58
371	38 5 54 59
372	51 13 18 25
373	33 56 9 44
374	38 20 23 32
375	27 10 56 23
376	51 26 47 20
377	63 65 29 6
378	27 12 68 70
379	69 67 43 24
380	15 44 69 67
381	61 7 62 52
382	16 80 56 71
383	57 58 72 51
384	7 56 58 38
385	55 31 21 62
386	77 56 70 73
387	1 50 66 24
388	15 19 22 68
389	68 61 4 29
390	30 70 38 79
391	57 11 17 58
392	43 41 44 16
393	59 50 3 8
394	5 44 29 73
395	77 69 70 30
396	44 12 79 11
397	16 12 76 70
398	27 18 39 79
399	13 42 54 53
400	54 16 6 12
