Students	400
1	77 25 13 65
2	68 63 79 48
3	32 6 60 55
4	74 15 46 58
5	65 76 66 57
6	61 24 22 1
7	50 7 56 9
8	36 47 54 50
9	6 4 29 74
10	2 68 51 65
11	6 31 38 4
12	71 26 55 9
13	60 6 23 69
14	41 30 29 16
15	80 59 31 49
16	19 73 3 37
17	13 68 31 30
18	31 12 30 15
19	80 57 76 73
20	68 43 75 64
21	31 32 69 51
22	36 11 78 63
23	38 54 55 17
24	45 48 20 12
25	23 18 46 67
26	15 61 77 47
27	27 18 21 52
28	4 31 68 71
29	31 22 16 76
30	59 71 70 47
31	69 24 27 77
32	65 57 52 5
33	22 60 29 2
34	61 2 48 15
35	15 65 7 18
36	22 55 18 51
37	76 67 2 57
38	66 9 8 38
39	29 25 37 59
40	65 49 21 22
41	78 26 18 31
42	29 20 7 31
43	39 10 24 5
44	1 57 52 46
45	51 27 48 75
46	50 79 59 17
47	60 43 23 37
48	19 38 16 14
49	26 32 58 40
50	38 36 39 73
51	40 44 48 65
52	66 43 71 79
53	38 34 21 20
54	63 54 5 72
55	11 36 2 6
56	59 19 50 60
57	72 8 57 50
58	41 73 42 18
59	18 49 42 4
60	23 9 75 55
61	7 40 38 66
62	15 70 80 57
63	58 69 70 37
64	4 18 79 9
65	19 36 4 69
66	53 29 40 75
67	28 9 12 1
68	11 1 23 67
69	72 12 75 37
70	76 46 23 42
71	7 71 73 64
72	34 11 73 2
73	15 52 71 67
74	2 59 33 67
75	8 35 17 21
76	56 48 6 80
77	22 53 41 78
78	53 69 52 33
79	54 59 16 68
80	46 58 49 32
81	53 43 57 37
82	71 55 22 32
83	3 36 18 60
84	18 32 15 41
85	51 18 65 24
86	23 14 17 60
87	68 60 18 47
88	69 22 55 44
89	20 6 72 77
90	65 26 72 31
91	4 61 49 62
92	9 66 34 12
93	13 26 76 8
94	72 29 22 58
95	73 69 49 59
96	71 45 2 15
97	58 41 26 70
98	51 2 47 40
99	65 26 64 57
100	56 40 25 14
101	74 28 14 48
102	23 65 29 11
103	62 22 52 58
104	69 3 16 58
105	16 77 59 17
106	40 66 15 45
107	35 8 73 16
108	64 44 36 47
109	68 71 60 51
110	9 1 33 70
111	6 60 73 78
112	16 17 30 71
113	68 58 5 63
114	26 77 16 72
115	31 12 57 63
116	26 30 72 78
117	49 21 64 59
118	80 20 16 64
119	43 54 35 67
120	65 40 42 32
121	54 52 10 64
122	42 48 78 70
123	5 37 76 21
124	3 78 58 24
125	25 19 12 32
126	57 28 13 40
127	33 74 45 27
128	47 58 76 43
129	39 74 16 2
130	44 56 27 29
131	58 72 48 34
132	33 7 30 12
133	62 19 21 12
134	80 78 26 72
135	77 13 26 53
136	1 47 57 59
137	5 23 7 30
138	24 40 65 6
139	41 34 21 35
140	53 67 60 64
141	1 68 80 61
142	37 72 33 41
143	35 42 11 1
144	2 13 55 71
145	77 5 41 26
146	59 17 3 1
147	3 70 22 60
148	3 73 19 53
149	34 68 14 26
150	23 50 31 56
151	46 17 72 7
152	80 26 6 39
153	38 35 40 44
154	78 57 55 49
155	12 28 30 14
156	32 77 13 15
157	74 63 61 72
158	5 37 69 24
159	2 54 12 79
160	62 15 69 12
161	2 51 3 60
162	29 41 51 78
163	1 33 15 17
164	79 9 1 58
165	73 42 63 79
166	78 29 33 10
167	54 71 75 17
168	30 5 27 67
169	30 4 61 65
170	52 45 71 60
171	33 38 17 72
172	68 39 14 22
173	4 23 38 43
174	75 54 42 57
175	66 39 28 64
176	59 7 19 2
177	61 67 59 47
178	43 41 7 46
179	49 38 39 27
180	36 24 68 67
181	62 51 3 11
182	67 43 55 69
183	75 15 42 72
184	79 38 74 48
185	68 43 26 32
186	70 26 9 48
187	40 20 17 57
188	74 80 25 66
189	59 25 15 76
190	17 36 31 39
191	78 57 20 77
192	51 40 53 66
193	20 16 55 1
194	47 21 45 72
195	68 59 61 44
196	54 4 5 42
197	32 15 56 37
198	77 64 60 43
199	43 60 59 37
200	10 73 49 76
201	80 77 30 2
202	34 15 60 56
203	31 30 4 36
204	1 33 35 43
205	68 73 80 77
206	24 20 14 55
207	63 3 38 60
208	2 13 14 67
209	57 48 53 29
210	72 68 27 71
211	2 62 9 32
212	58 56 72 1
213	41 76 58 74
214	25 30 61 3
215	61 57 69 8
216	6 41 72 80
217	60 65 8 7
218	77 8 53 51
219	23 52 24 59
220	42 80 62 23
221	28 39 27 78
222	11 56 46 34
223	72 76 66 1
224	26 15 12 49
225	38 58 30 40
226	27 22 63 72
227	58 49 40 25
228	23 43 34 26
229	7 28 18 5
230	8 69 16 73
231	31 34 8 80
232	15 62 13 38
233	11 59 47 44
234	51 17 5 61
235	60 69 72 74
236	71 69 32 74
237	67 36 49 69
238	52 16 6 46
239	22 28 11 48
240	51 42 35 44
241	46 21 22 24
242	29 22 43 12
243	18 13 24 5
244	3 79 2 63
245	62 55 52 66
246	11 40 34 5
247	47 40 65 75
248	55 71 5 25
249	33 79 22 17
250	17 37 74 80
251	78 30 57 33
252	11 40 31 13
253	80 62 18 3
254	40 24 3 61
255	27 8 45 48
256	4 33 71 40
257	68 23 47 13
258	29 52 59 40
259	51 29 73 13
260	46 50 78 70
261	22 47 64 11
262	21 71 24 77
263	47 4 25 17
264	69 13 16 2
265	11 38 21 43
266	49 33 60 4
267	75 26 48 29
268	10 66 3 51
269	72 21 74 28
270	2 44 76 49
271	58 28 7 62
272	74 19 7 4
273	44 61 69 38
274	33 77 39 37
275	5 15 64 42
276	65 28 27 22
277	11 13 66 67
278	29 41 21 80
279	7 11 69 79
280	44 41 65 7
281	28 33 36 31
282	54 37 59 80
283	23 67 74 29
284	55 27 24 44
285	23 51 33 79
286	27 7 2 56
287	31 1 75 72
288	36 76 31 74
289	39 54 20 61
290	76 62 49 34
291	8 20 43 77
292	78 17 38 3
293	78 20 37 9
294	25 48 61 27
295	50 5 71 28
296	31 2 40 36
297	64 14 26 35
298	19 6 50 13
299	55 15 36 32
300	28 60 59 56
301	32 26 50 68
302	19 70 34 12
303	58 25 20 14
304	62 38 75 18
305	11 76 49 52
306	38 15 75 34
307	9 10 68 79
308	10 18 11 65
309	69 43 29 15
310	12 49 60 64
311	13 65 9 45
312	74 42 61 39
313	3 19 71 77
314	34 22 78 50
315	40 17 25 30
316	56 5 64 26
317	19 16 66 27
318	7 19 6 36
319	17 69 56 1
320	44 48 80 54
321	26 60 53 74
322	23 48 62 38
323	72 58 21 32
324	6 47 59 14
325	28 61 60 32
326	56 12 60 75
327	46 17 55 15
328	33 10 9 37
329	32 58 6 17
330	24 4 12 39
331	70 55 78 38
332	7 12 2 3
333	20 17 1 49
334	9 34 15 32
335	43 66 72 28
336	31 46 64 1
337	18 12 68 39
338	35 7 70 46
339	21 43 3 14
340	19 56 15 75
341	16 31 76 18
342	27 24 38 62
343	55 56 25 72
344	54 75 48 57
345	18 50 16 25
346	10 29 71 45
347	76 68 26 56
348	42 25 64 3
349	60 22 33 44
350	20 63 65 1
351	51 68 18 19
352	60 4 43 45
353	4 3 50 60
354	28 21 48 60
355	78 9 53 44
356	27 13 22 36
357	4 56 69 76
358	31 1 15 73
359	6 80 40 33
360	14 73 22 20
361	77 56 58 43
362	18 15 2 69
363	7 75 63 53
364	20 47 26 8
365	40 6 57 44
366	76 45 12 7
367	70 57 47 21
368	5 15 32 28
369	49 66 34 32
370	18 2 77 49
371	35 25 4 40
372	27 9 64 31
373	22 60 20 34
374	18 30 22 29
375	40 61 58 69
376	40 69 18 77
377	14 49 51 37
378	10 68 71 66
379	4 23 14 31
380	40 63 42 57
381	51 35 58 62
382	8 71 59 34
383	13 80 51 7
384	60 40 57 64
385	48 11 80 12
386	15 50 78 72
387	31 44 53 61
388	79 55 64 28
389	39 46 32 3
390	73 38 13 14
391	50 74 73 52
392	56 60 55 44
393	12 38 25 78
394	4 9 7 49
395	29 27 34 23
396	13 80 22 76
397	63 67 29 9
398	17 30 62 4
399	12 69 73 52
400	53 17 55 62
