Students	400
1	5 68 8 38
2	65 40 74 4
3	73 28 4 41
4	15 76 47 66
5	56 14 26 77
6	78 62 74 75
7	60 26 39 9
8	63 45 68 35
9	19 75 67 9
10	32 19 40 62
11	28 46 32 77
12	44 26 80 52
13	9 41 11 1
14	62 3 27 59
15	76 36 73 61
16	47 64 44 30
17	29 35 78 70
18	34 32 41 25
19	41 32 72 59
20	67 52 55 73
21	61 79 39 4
22	62 52 45 69
23	3 41 70 18
24	13 15 3 4
25	23 54 7 9
26	19 61 3 6
27	51 15 9 75
28	35 9 64 40
29	1 62 31 35
30	35 67 4 12
31	13 27 68 18
32	76 9 34 80
33	75 10 52 22
34	7 55 3 19
35	46 21 78 7
36	67 23 9 47
37	79 19 36 68
38	63 24 37 48
39	3 31 61 78
40	47 78 4 16
41	72 13 68 18
42	27 59 21 47
43	37 16 64 76
44	31 9 79 73
45	46 26 55 13
46	6 74 69 79
47	67 16 10 8
48	79 71 15 13
49	6 21 66 35
50	77 13 16 79
51	68 30 76 58
52	42 2 31 6
53	73 51 5 9
54	1 15 19 76
55	5 36 38 10
56	69 78 4 21
57	79 17 51 74
58	16 12 58 38
59	16 58 10 64
60	20 56 18 64
61	71 39 32 67
62	35 44 21 40
63	14 22 8 54
64	34 10 43 14
65	21 80 23 11
66	11 71 66 23
67	11 52 28 46
68	34 22 23 19
69	56 39 48 67
70	31 54 15 57
71	42 35 9 75
72	61 49 66 46
73	16 43 79 9
74	11 12 16 66
75	33 63 56 34
76	22 74 10 35
77	43 45 33 41
78	32 78 60 79
79	55 60 22 64
80	49 36 30 5
81	9 79 74 7
82	31 69 71 24
83	78 25 43 74
84	49 69 2 32
85	67 12 19 4
86	40 38 78 5
87	71 15 70 47
88	7 78 57 65
89	41 51 26 3
90	38 49 42 10
91	72 69 62 3
92	36 3 47 10
93	19 56 62 78
94	1 31 28 21
95	53 54 32 73
96	44 73 40 29
97	47 66 20 25
98	54 10 16 52
99	45 64 29 5
100	66 35 1 68
101	22 2 53 20
102	44 15 43 39
103	45 6 68 51
104	79 21 45 44
105	41 77 28 49
106	34 26 27 76
107	63 46 19 37
108	63 12 64 1
109	18 80 43 38
110	28 75 20 3
111	29 54 70 25
112	51 57 9 65
113	65 69 19 63
114	55 28 44 75
115	73 5 76 45
116	45 78 59 72
117	21 17 5 58
118	70 25 40 73
119	65 30 12 24
120	9 77 17 60
121	68 52 74 31
122	64 29 41 9
123	4 75 55 79
124	68 19 59 39
125	20 39 69 51
126	71 58 11 8
127	72 14 35 36
128	24 34 10 54
129	12 71 36 45
130	18 55 31 57
131	38 69 61 79
132	5 17 65 62
133	76 12 60 49
134	62 20 34 56
135	75 79 36 70
136	65 3 80 71
137	46 16 57 31
138	24 26 58 14
139	49 66 70 44
140	34 74 73 8
141	78 13 64 30
142	54 26 5 79
143	14 26 13 72
144	29 48 51 79
145	43 32 17 29
146	54 5 58 47
147	7 78 9 68
148	6 20 40 62
149	55 11 73 60
150	24 66 64 67
151	80 10 68 36
152	3 40 25 1
153	33 80 25 18
154	15 11 51 2
155	24 40 34 17
156	64 33 22 43
157	61 11 69 57
158	21 41 78 63
159	39 45 2 7
160	62 58 73 74
161	18 54 33 35
162	50 10 48 29
163	41 19 2 77
164	3 29 4 68
165	65 26 11 57
166	23 4 69 52
167	36 14 63 48
168	18 46 29 42
169	62 64 14 54
170	60 28 73 50
171	10 46 62 24
172	45 44 36 21
173	5 13 20 1
174	76 51 48 79
175	35 62 76 19
176	72 41 31 36
177	26 16 4 41
178	44 25 30 61
179	60 73 3 31
180	79 75 6 61
181	16 19 59 38
182	73 62 33 5
183	23 58 68 19
184	15 46 6 47
185	25 1 9 29
186	19 74 25 28
187	2 70 49 39
188	29 74 10 26
189	16 36 43 15
190	67 8 59 27
191	10 51 23 54
192	64 15 11 58
193	64 79 62 57
194	51 28 3 41
195	67 72 19 51
196	38 80 24 37
197	16 56 7 30
198	5 63 35 80
199	53 41 58 8
200	16 32 64 51
201	59 30 36 35
202	19 10 38 80
203	75 52 22 14
204	72 3 63 59
205	23 53 70 4
206	79 66 25 26
207	62 52 30 6
208	48 44 56 26
209	26 51 77 21
210	35 50 32 59
211	19 3 29 73
212	51 71 13 24
213	66 26 43 16
214	55 69 17 64
215	46 66 10 4
216	38 18 21 67
217	7 70 41 22
218	17 50 58 60
219	16 78 63 5
220	70 37 3 46
221	40 5 2 41
222	43 8 52 37
223	72 62 14 47
224	36 80 40 35
225	63 13 17 75
226	34 57 12 5
227	31 48 46 19
228	14 43 30 80
229	67 48 56 34
230	23 66 20 8
231	74 3 47 8
232	28 48 7 43
233	78 22 18 8
234	56 21 43 41
235	23 25 40 53
236	48 62 78 24
237	66 54 4 76
238	55 54 27 65
239	71 12 51 42
240	31 12 58 36
241	58 79 51 31
242	13 10 50 56
243	10 52 35 58
244	18 37 27 64
245	63 21 16 9
246	31 22 58 16
247	56 5 59 36
248	30 54 46 5
249	4 35 64 34
250	27 60 23 18
251	11 16 33 66
252	77 20 43 64
253	68 32 12 40
254	77 8 76 78
255	50 35 78 51
256	8 65 77 47
257	41 44 77 22
258	28 32 53 74
259	24 50 8 11
260	4 35 71 37
261	54 57 71 74
262	61 59 69 49
263	12 58 45 77
264	69 40 50 38
265	30 8 40 14
266	62 18 43 74
267	19 47 20 4
268	66 11 1 41
269	8 26 35 12
270	35 8 28 32
271	19 1 36 29
272	12 64 17 9
273	61 4 36 8
274	41 3 59 17
275	41 21 23 28
276	58 78 18 33
277	72 50 52 37
278	2 14 49 24
279	30 16 63 4
280	9 26 34 38
281	12 26 49 36
282	16 46 38 29
283	41 33 40 21
284	50 60 17 46
285	4 8 60 80
286	3 70 66 19
287	4 52 50 17
288	37 41 24 80
289	79 27 4 51
290	54 44 41 48
291	32 38 61 70
292	1 50 38 78
293	24 48 51 68
294	17 44 68 35
295	52 24 48 1
296	31 28 21 22
297	75 58 73 27
298	17 79 14 16
299	67 11 79 46
300	16 70 64 39
301	51 22 43 25
302	33 42 58 4
303	16 4 29 2
304	35 6 4 69
305	66 62 28 19
306	55 33 5 63
307	53 77 31 15
308	72 80 76 70
309	6 7 77 30
310	46 19 31 72
311	12 55 65 28
312	8 61 13 56
313	79 17 42 51
314	7 71 55 27
315	71 54 50 75
316	64 41 34 1
317	29 2 75 65
318	71 52 23 45
319	30 22 47 65
320	16 54 14 39
321	74 29 1 51
322	52 70 2 78
323	75 70 6 54
324	15 33 80 67
325	47 75 9 4
326	16 56 49 3
327	48 67 29 2
328	7 63 70 78
329	32 6 73 9
330	47 48 44 17
331	52 4 62 33
332	59 3 29 9
333	57 4 25 17
334	51 37 13 6
335	64 67 33 37
336	18 73 34 75
337	67 61 54 18
338	3 75 63 38
339	36 25 54 60
340	74 54 48 72
341	73 63 1 30
342	36 73 22 3
343	4 68 5 53
344	78 51 41 8
345	24 6 4 18
346	19 74 78 76
347	56 26 79 80
348	26 40 16 41
349	69 18 46 42
350	32 48 8 2
351	18 12 50 68
352	67 14 37 8
353	66 68 76 8
354	55 18 40 7
355	7 9 6 34
356	60 6 9 43
357	41 35 5 55
358	36 73 40 61
359	24 13 60 34
360	32 79 54 34
361	60 44 37 79
362	33 74 18 43
363	21 55 50 78
364	28 5 20 26
365	49 17 68 35
366	22 53 21 29
367	29 60 42 39
368	18 30 34 59
369	79 64 12 25
370	39 50 73 21
371	65 71 56 49
372	71 23 76 14
373	29 22 57 19
374	66 8 50 72
375	36 23 25 16
376	34 43 28 51
377	71 57 31 19
378	56 5 17 7
379	37 34 58 71
380	16 43 3 41
381	41 31 24 19
382	17 49 18 52
383	9 63 55 61
384	11 57 35 45
385	59 73 58 10
386	42 4 23 8
387	6 63 55 8
388	57 43 7 24
389	31 7 26 14
390	76 24 40 14
391	73 27 11 24
392	35 58 70 27
393	27 44 63 31
394	64 32 9 8
395	61 52 21 32
396	68 61 62 17
397	12 34 68 6
398	3 6 76 29
399	8 55 68 18
400	50 70 60 8
