Students	400
1	12 65 11 15
2	43 7 76 78
3	49 63 50 67
4	17 5 42 53
5	40 62 61 79
6	77 49 6 11
7	63 55 5 80
8	52 55 7 14
9	7 55 35 14
10	32 39 41 5
11	13 74 71 72
12	38 60 75 42
13	35 37 72 65
14	33 7 38 55
15	39 7 69 40
16	12 49 7 28
17	12 61 62 30
18	77 76 70 46
19	1 75 72 15
20	3 53 1 19
21	14 1 34 41
22	8 29 80 70
23	6 59 20 1
24	27 64 1 30
25	37 5 21 68
26	41 57 8 9
27	51 63 25 36
28	73 64 25 30
29	45 31 32 37
30	78 41 55 39
31	41 36 49 15
32	8 9 12 80
33	58 40 49 27
34	73 9 59 43
35	65 32 34 77
36	59 41 27 25
37	18 43 41 47
38	75 17 80 58
39	47 7 44 58
40	25 24 77 69
41	48 2 7 32
42	59 6 58 66
43	65 58 63 50
44	28 79 72 13
45	10 12 64 27
46	50 57 72 45
47	65 47 28 50
48	44 32 26 19
49	76 24 67 57
50	79 15 36 10
51	20 66 69 7
52	49 71 53 6
53	58 79 45 38
54	77 14 32 18
55	74 31 56 33
56	57 14 18 20
57	31 1 54 41
58	61 74 14 21
59	49 8 37 6
60	42 3 21 62
61	31 19 15 77
62	6 1 30 52
63	44 54 16 36
64	39 37 30 40
65	60 72 31 3
66	23 37 72 16
67	17 36 80 41
68	36 21 62 12
69	10 52 26 41
70	74 75 70 55
71	72 39 57 41
72	60 27 75 28
73	79 53 31 78
74	36 4 52 16
75	55 65 54 22
76	17 14 23 12
77	37 27 73 5
78	48 62 27 54
79	77 61 53 48
80	58 65 67 59
81	13 36 16 34
82	77 45 39 71
83	63 3 30 39
84	68 20 47 1
85	35 73 29 20
86	3 51 53 20
87	26 49 21 29
88	26 4 58 23
89	41 52 66 16
90	74 33 51 18
91	28 49 78 52
92	60 64 34 19
93	48 20 13 74
94	2 22 25 47
95	50 77 71 51
96	11 49 56 37
97	50 77 2 54
98	19 31 28 16
99	44 8 10 9
100	2 51 8 19
101	14 3 77 74
102	36 62 13 35
103	29 19 3 18
104	33 16 30 12
105	17 58 33 68
106	18 21 80 23
107	45 6 28 9
108	2 70 57 79
109	38 70 52 34
110	51 13 70 61
111	62 64 26 40
112	27 72 44 16
113	43 5 53 70
114	35 29 72 55
115	79 50 57 10
116	30 73 3 2
117	21 28 27 5
118	15 56 8 29
119	64 62 44 33
120	80 6 35 9
121	28 15 79 22
122	62 36 48 40
123	75 17 52 5
124	48 17 43 78
125	10 70 7 64
126	15 80 38 25
127	61 66 11 40
128	31 65 59 5
129	78 22 6 40
130	76 10 23 79
131	20 52 32 77
132	79 73 15 52
133	21 45 13 7
134	35 48 37 68
135	69 8 52 31
136	49 57 29 22
137	20 51 63 71
138	62 50 71 1
139	43 8 32 48
140	76 62 18 6
141	29 49 58 15
142	58 24 27 53
143	18 46 40 43
144	20 30 71 33
145	42 1 10 39
146	74 70 36 53
147	48 8 24 80
148	26 10 67 1
149	67 8 33 53
150	32 64 45 80
151	59 61 22 71
152	18 5 36 30
153	9 59 30 40
154	78 51 28 57
155	28 15 20 68
156	45 48 25 62
157	55 66 57 64
158	42 80 57 64
159	24 76 26 68
160	47 73 8 36
161	64 62 50 9
162	72 14 58 64
163	49 44 53 70
164	63 68 53 80
165	54 35 1 24
166	1 5 4 79
167	45 43 22 48
168	13 40 10 80
169	1 44 62 80
170	15 52 20 8
171	64 16 54 35
172	5 27 21 40
173	19 28 77 41
174	11 27 7 16
175	7 21 3 57
176	71 69 2 77
177	15 3 6 60
178	27 56 35 7
179	65 20 43 74
180	67 36 68 64
181	15 64 40 62
182	11 67 29 57
183	18 6 43 2
184	51 72 17 55
185	18 11 58 29
186	32 62 6 68
187	46 55 78 12
188	65 60 62 47
189	15 33 42 19
190	72 11 25 28
191	27 5 37 34
192	24 73 3 67
193	8 56 23 51
194	55 62 50 3
195	71 57 65 18
196	43 50 7 80
197	19 5 69 32
198	26 9 14 70
199	9 1 36 13
200	5 30 12 22
201	33 36 52 28
202	23 54 7 42
203	20 58 40 72
204	72 73 5 67
205	42 34 53 31
206	37 43 20 80
207	5 60 33 6
208	77 14 38 28
209	35 67 48 46
210	41 77 42 72
211	70 60 38 3
212	19 23 49 29
213	59 76 30 13
214	32 10 15 54
215	35 69 28 57
216	60 17 48 77
217	12 58 2 34
218	5 43 79 37
219	7 49 58 4
220	18 52 79 67
221	30 77 54 47
222	38 10 33 28
223	22 73 35 27
224	23 65 33 60
225	16 58 60 48
226	33 3 60 57
227	49 47 26 45
228	38 22 30 18
229	68 64 5 78
230	11 37 18 13
231	31 32 54 8
232	64 46 72 68
233	12 26 16 6
234	12 8 53 55
235	78 54 3 20
236	52 6 12 53
237	13 50 2 44
238	61 71 78 66
239	45 19 61 60
240	78 21 79 71
241	44 24 50 80
242	65 77 50 37
243	11 56 73 80
244	70 44 39 48
245	74 65 14 41
246	75 6 25 31
247	32 78 64 22
248	42 8 24 13
249	8 72 34 30
250	68 20 44 35
251	30 62 22 16
252	28 23 73 8
253	35 40 24 21
254	4 79 26 24
255	33 49 76 16
256	54 39 62 69
257	66 72 69 67
258	53 4 72 13
259	62 26 25 53
260	10 13 78 42
261	71 9 47 42
262	47 79 55 64
263	3 25 21 77
264	37 45 70 38
265	42 4 57 72
266	7 51 38 75
267	78 63 25 56
268	71 40 50 66
269	58 20 76 33
270	30 54 59 53
271	4 72 62 54
272	1 27 53 74
273	43 53 4 17
274	70 22 3 2
275	24 23 80 68
276	65 79 33 40
277	55 35 54 60
278	53 44 34 77
279	49 77 51 18
280	76 73 24 65
281	70 12 13 50
282	2 26 72 13
283	54 67 2 75
284	37 40 6 44
285	21 25 24 68
286	76 21 47 40
287	72 80 28 58
288	17 56 78 75
289	78 5 61 71
290	35 23 34 32
291	4 41 60 63
292	21 6 30 60
293	56 70 13 7
294	51 21 55 27
295	65 19 37 72
296	53 52 10 5
297	4 32 63 36
298	75 12 73 34
299	27 12 41 33
300	76 79 1 53
301	14 39 27 62
302	62 1 77 29
303	47 26 5 40
304	16 70 55 41
305	43 69 7 24
306	64 57 66 12
307	68 64 35 61
308	2 19 71 23
309	41 18 47 60
310	62 23 42 25
311	2 62 10 18
312	41 44 22 78
313	45 24 55 25
314	66 50 43 16
315	14 33 73 64
316	2 74 10 52
317	62 43 27 67
318	36 76 31 6
319	74 33 70 18
320	52 55 11 77
321	49 63 28 57
322	2 25 77 8
323	58 13 63 31
324	60 52 25 57
325	59 28 58 36
326	1 37 34 77
327	44 39 30 11
328	13 16 21 49
329	48 58 13 9
330	50 11 9 66
331	8 43 13 19
332	80 2 18 45
333	63 53 45 73
334	12 76 40 78
335	27 49 11 39
336	60 52 30 48
337	24 30 54 35
338	70 29 39 76
339	50 6 61 63
340	76 46 45 25
341	56 75 28 50
342	62 73 19 77
343	70 68 5 12
344	13 30 48 21
345	58 20 13 4
346	61 17 48 27
347	3 67 63 46
348	7 56 29 61
349	20 36 18 17
350	31 76 9 15
351	21 79 29 69
352	7 74 38 80
353	14 59 9 78
354	31 77 16 56
355	76 53 63 54
356	42 68 35 30
357	14 5 45 55
358	33 24 57 38
359	8 58 17 67
360	28 27 63 69
361	64 66 52 63
362	52 1 45 37
363	31 34 27 75
364	42 10 22 3
365	76 5 37 26
366	14 20 26 62
367	23 15 7 54
368	33 71 60 17
369	3 1 4 55
370	61 25 72 48
371	54 45 66 27
372	76 51 66 15
373	70 57 73 49
374	65 14 46 28
375	35 40 38 24
376	48 63 37 35
377	24 18 68 32
378	32 42 8 15
379	22 6 60 35
380	13 2 19 7
381	68 48 53 73
382	38 11 22 42
383	42 46 3 79
384	50 68 32 72
385	45 27 78 57
386	35 65 54 48
387	5 1 45 61
388	57 71 53 62
389	28 61 37 2
390	70 79 3 12
391	76 34 2 54
392	33 74 55 30
393	54 12 1 13
394	48 22 65 23
395	38 46 33 44
396	58 52 74 25
397	67 41 13 19
398	69 28 44 38
399	14 9 60 4
400	13 44 79 51
