Students	400
1	5 20 16 26
2	24 28 25 8
3	6 30 1 19
4	18 4 40 38
5	19 32 37 26
6	18 4 11 22
7	34 33 22 30
8	27 7 8 23
9	27 11 15 16
10	17 22 23 28
11	22 16 24 35
12	31 20 34 11
13	20 16 40 29
14	30 11 9 31
15	4 5 22 28
16	19 26 16 5
17	12 26 16 39
18	24 17 13 18
19	9 33 28 6
20	5 6 32 23
21	22 37 27 9
22	36 11 40 21
23	19 3 1 20
24	5 33 19 27
25	13 20 30 18
26	29 4 37 32
27	40 15 26 17
28	9 23 15 22
29	33 37 27 20
30	20 17 5 10
31	4 40 32 29
32	37 10 30 25
33	7 34 23 10
34	27 26 20 4
35	4 18 16 20
36	5 13 23 19
37	34 31 25 40
38	1 29 24 34
39	22 38 1 13
40	1 36 15 18
41	30 35 21 14
42	26 18 19 8
43	37 19 4 31
44	27 38 20 32
45	6 27 7 29
46	10 11 15 40
47	39 37 14 32
48	25 29 28 31
49	24 11 2 40
50	36 30 38 13
51	30 24 27 28
52	20 23 26 31
53	34 30 24 39
54	12 15 30 26
55	40 36 5 30
56	11 16 29 2
57	3 6 16 21
58	17 6 29 16
59	19 27 5 21
60	14 39 28 7
61	1 38 4 29
62	32 7 39 12
63	7 11 28 6
64	16 1 13 37
65	10 14 18 28
66	18 20 13 23
67	4 26 15 37
68	21 2 40 3
69	36 18 20 37
70	27 36 2 28
71	5 6 36 21
72	40 39 13 23
73	29 8 13 15
74	11 6 23 13
75	35 30 3 9
76	26 37 1 25
77	33 39 1 34
78	37 28 26 8
79	35 5 32 25
80	18 17 12 30
81	10 2 8 3
82	24 29 15 30
83	5 33 20 8
84	32 12 8 25
85	2 5 19 3
86	13 36 34 14
87	38 25 20 40
88	10 24 15 39
89	38 19 23 35
90	25 6 32 20
91	5 36 35 21
92	31 20 15 9
93	38 35 39 5
94	3 2 25 33
95	24 13 22 30
96	38 35 1 13
97	40 34 18 26
98	9 18 33 7
99	11 20 17 32
100	6 18 12 9
101	4 34 11 20
102	20 9 40 37
103	29 14 39 19
104	8 17 37 12
105	5 11 19 25
106	33 37 2 28
107	30 34 7 25
108	2 22 13 30
109	21 33 15 24
110	32 20 28 25
111	1 6 27 10
112	19 17 32 20
113	18 28 37 22
114	39 4 33 9
115	28 40 32 14
116	26 7 31 20
117	12 30 18 24
118	12 24 19 20
119	28 37 17 19
120	16 26 17 33
121	20 15 17 38
122	1 30 2 20
123	21 25 19 3
124	39 1 27 6
125	21 25 3 14
126	23 17 18 20
127	39 31 28 13
128	17 19 23 37
129	23 4 27 1
130	26 5 19 25
131	12 17 16 8
132	31 11 17 10
133	13 15 9 32
134	29 38 28 8
135	25 19 13 33
136	11 28 32 12
137	12 34 31 22
138	21 31 18 38
139	19 2 11 25
140	29 5 3 23
141	36 5 13 12
142	10 1 7 6
143	6 24 18 15
144	13 9 3 23
145	3 11 38 1
146	7 15 25 4
147	40 24 21 5
148	24 14 11 10
149	16 8 13 7
150	34 8 7 19
151	40 17 2 39
152	8 25 16 1
153	10 20 1 19
154	6 33 34 14
155	32 24 25 34
156	7 32 38 40
157	21 34 4 19
158	11 9 13 24
159	24 12 30 7
160	31 20 36 16
161	4 11 36 35
162	19 33 10 14
163	26 19 25 8
164	3 7 32 9
165	10 3 35 16
166	37 19 16 34
167	32 29 11 40
168	10 18 31 21
169	3 25 29 10
170	12 28 19 33
171	1 21 33 30
172	9 12 21 35
173	39 3 23 30
174	4 10 27 33
175	39 27 9 28
176	2 28 38 4
177	8 13 32 35
178	40 34 6 24
179	13 16 35 2
180	8 27 23 18
181	35 25 28 40
182	11 30 31 25
183	31 3 27 12
184	19 7 13 4
185	26 39 35 37
186	40 23 13 32
187	31 39 23 22
188	28 40 37 15
189	15 10 26 21
190	24 40 19 25
191	3 32 4 15
192	31 29 21 36
193	9 36 10 40
194	10 36 6 11
195	33 36 28 9
196	25 33 20 28
197	8 18 26 10
198	40 4 25 23
199	10 20 37 19
200	3 38 24 23
201	8 38 37 16
202	30 20 36 37
203	17 11 34 39
204	26 23 9 29
205	21 24 16 1
206	9 34 29 24
207	4 34 36 3
208	24 11 5 19
209	28 29 20 37
210	11 38 8 2
211	11 19 13 27
212	2 3 39 24
213	37 6 32 5
214	15 12 4 40
215	10 26 40 24
216	39 23 6 10
217	33 13 22 12
218	9 19 37 24
219	33 31 39 12
220	16 24 14 33
221	5 1 10 22
222	36 16 26 21
223	5 7 27 2
224	13 7 37 1
225	10 33 21 30
226	13 5 35 28
227	39 9 1 33
228	40 11 14 23
229	35 1 18 37
230	31 16 21 24
231	31 40 19 15
232	13 32 24 10
233	30 22 15 17
234	33 17 3 37
235	27 19 4 1
236	24 36 32 27
237	26 15 29 40
238	22 15 12 21
239	4 39 29 38
240	4 10 2 18
241	16 5 40 39
242	21 33 5 2
243	13 19 14 10
244	23 15 33 11
245	32 11 3 28
246	36 6 3 9
247	8 38 23 13
248	14 29 31 27
249	18 17 32 24
250	27 20 1 23
251	18 7 10 12
252	9 26 8 39
253	10 17 32 20
254	4 9 25 18
255	33 36 27 17
256	8 14 2 23
257	26 37 13 14
258	3 38 35 37
259	30 15 23 34
260	30 14 11 40
261	1 14 8 31
262	33 8 40 13
263	11 30 32 12
264	29 11 36 38
265	36 31 30 9
266	24 36 35 39
267	36 32 22 40
268	12 16 8 38
269	32 12 9 16
270	15 39 37 4
271	38 26 36 7
272	14 23 27 26
273	31 26 13 4
274	4 7 38 6
275	7 18 14 39
276	23 28 38 18
277	26 36 35 38
278	15 19 20 8
279	29 5 8 18
280	6 32 4 18
281	3 15 14 23
282	8 3 22 33
283	26 23 1 6
284	39 21 11 10
285	24 29 1 19
286	18 27 2 8
287	24 34 1 39
288	34 13 40 38
289	7 21 26 13
290	9 22 8 3
291	40 9 7 21
292	25 21 8 38
293	25 40 31 10
294	29 35 16 31
295	25 11 17 5
296	13 35 15 6
297	25 19 4 38
298	4 23 9 31
299	9 15 14 39
300	19 8 10 1
301	14 13 21 36
302	12 17 39 27
303	13 25 24 26
304	12 4 16 36
305	4 28 38 5
306	1 17 40 8
307	2 31 8 29
308	32 8 2 21
309	6 35 39 8
310	7 5 21 34
311	16 39 5 11
312	36 1 27 33
313	3 26 31 4
314	31 40 11 10
315	24 14 13 28
316	10 26 35 40
317	22 37 20 7
318	9 21 20 29
319	2 25 9 11
320	38 37 6 12
321	20 37 2 7
322	36 23 13 38
323	6 1 15 7
324	22 40 7 18
325	14 38 18 17
326	19 40 39 15
327	18 24 22 5
328	2 13 19 33
329	10 31 22 5
330	13 4 21 19
331	28 1 9 33
332	17 5 18 6
333	24 30 12 28
334	1 2 23 33
335	17 9 30 33
336	36 38 39 28
337	30 32 19 39
338	38 3 12 30
339	39 32 37 20
340	20 30 16 31
341	23 28 31 22
342	37 26 16 25
343	33 30 14 23
344	4 23 19 6
345	5 21 4 9
346	25 40 4 2
347	25 3 33 26
348	7 12 39 40
349	32 17 40 37
350	39 23 29 9
351	36 7 18 19
352	8 24 25 35
353	5 37 19 23
354	36 30 21 40
355	20 18 24 16
356	7 2 15 20
357	8 36 38 6
358	26 19 4 10
359	19 27 18 1
360	35 24 31 38
361	19 35 29 26
362	22 31 35 11
363	29 20 32 31
364	29 17 37 25
365	33 22 8 19
366	9 24 5 10
367	37 3 31 23
368	13 36 40 22
369	27 25 20 14
370	25 26 2 36
371	15 7 4 37
372	28 19 33 12
373	35 2 23 1
374	17 22 6 10
375	14 21 22 8
376	16 32 11 22
377	10 15 16 14
378	1 18 32 21
379	16 32 33 34
380	29 9 21 28
381	23 10 3 17
382	29 13 25 11
383	11 23 5 13
384	14 26 36 18
385	34 33 24 18
386	13 10 11 24
387	9 24 23 33
388	11 13 36 34
389	18 38 13 31
390	2 24 16 38
391	19 28 7 18
392	13 15 24 8
393	27 39 34 5
394	3 40 11 19
395	27 28 12 38
396	23 39 30 1
397	7 11 22 37
398	40 32 16 27
399	40 12 8 23
400	8 21 34 15
