Students	400
1	6 35 26 22
2	25 16 14 11
3	26 12 33 4
4	21 7 38 23
5	13 23 2 29
6	27 19 35 10
7	37 2 31 25
8	13 15 23 17
9	33 8 18 21
10	34 23 7 39
11	14 38 22 39
12	39 36 3 5
13	20 9 35 3
14	17 2 22 23
15	32 39 35 21
16	4 39 12 6
17	20 39 2 40
18	40 34 21 9
19	27 30 22 29
20	3 6 35 7
21	38 33 8 34
22	25 29 6 21
23	8 19 21 5
24	36 23 17 14
25	13 19 35 25
26	19 20 3 12
27	17 3 39 33
28	37 31 4 16
29	10 5 2 11
30	16 9 11 33
31	19 9 22 11
32	34 25 6 36
33	5 32 20 36
34	4 32 17 6
35	19 36 35 24
36	16 7 15 39
37	39 6 28 10
38	20 39 40 33
39	33 12 8 39
40	19 25 2 40
41	1 23 32 19
42	26 23 36 19
43	13 17 4 37
44	4 28 20 24
45	6 25 5 29
46	33 1 36 21
47	32 38 25 5
48	1 25 23 19
49	9 11 23 24
50	25 35 2 29
51	40 11 20 19
52	24 34 14 20
53	40 4 13 28
54	27 34 3 20
55	17 7 19 12
56	36 28 8 18
57	12 31 35 3
58	28 24 31 9
59	4 23 31 40
60	7 20 32 25
61	10 35 15 14
62	33 27 32 31
63	10 31 40 2
64	6 4 8 35
65	12 6 35 13
66	35 17 16 27
67	21 10 12 26
68	8 19 25 23
69	4 3 36 20
70	29 23 20 32
71	3 33 30 39
72	26 19 1 37
73	32 39 2 13
74	33 8 11 2
75	7 33 18 9
76	15 40 32 8
77	39 32 27 23
78	11 31 27 37
79	40 6 38 32
80	31 39 12 2
81	24 18 9 2
82	1 7 32 17
83	23 6 30 15
84	4 23 30 25
85	29 34 33 17
86	18 30 5 7
87	24 21 12 13
88	4 26 6 12
89	32 3 21 39
90	9 28 14 19
91	5 17 2 29
92	11 18 24 2
93	40 4 12 37
94	17 30 19 14
95	9 17 21 8
96	35 38 1 27
97	3 14 6 11
98	14 37 22 17
99	3 33 7 1
100	33 39 13 37
101	20 25 6 17
102	39 11 14 7
103	17 32 29 40
104	5 2 31 22
105	23 28 1 9
106	20 23 38 4
107	10 28 21 5
108	1 37 9 16
109	5 38 22 10
110	3 39 10 7
111	38 34 6 32
112	29 15 39 24
113	29 25 26 17
114	33 24 9 31
115	38 5 1 30
116	2 7 6 15
117	1 10 21 19
118	18 29 33 22
119	20 25 9 16
120	35 14 22 23
121	15 12 7 32
122	38 29 11 3
123	5 36 35 1
124	32 19 4 35
125	1 18 24 40
126	14 37 12 8
127	12 37 11 9
128	12 22 2 32
129	38 11 1 27
130	6 36 4 31
131	22 7 14 23
132	33 13 29 10
133	10 20 6 9
134	22 28 2 37
135	21 15 31 1
136	11 26 35 12
137	4 20 40 16
138	22 39 26 4
139	12 2 25 22
140	21 26 12 17
141	25 5 14 9
142	4 36 7 32
143	21 2 40 32
144	17 13 24 39
145	21 29 22 15
146	38 18 7 32
147	5 23 1 32
148	30 5 22 9
149	32 33 27 10
150	22 30 18 17
151	34 38 7 1
152	24 3 12 33
153	19 34 14 12
154	6 22 2 10
155	4 39 16 13
156	22 31 20 27
157	5 33 26 39
158	23 36 32 27
159	38 3 18 7
160	10 32 23 7
161	19 24 33 8
162	19 34 14 27
163	37 5 3 9
164	7 30 31 19
165	29 38 11 1
166	33 10 26 14
167	40 4 11 8
168	40 17 19 38
169	20 22 15 23
170	3 16 15 19
171	4 28 1 29
172	20 8 28 16
173	21 40 29 31
174	28 34 23 19
175	34 19 22 23
176	9 34 36 23
177	20 26 13 19
178	20 25 1 12
179	11 15 20 32
180	11 13 33 8
181	13 22 6 30
182	19 38 7 21
183	11 7 6 10
184	31 11 17 5
185	11 1 25 18
186	6 34 35 22
187	36 8 19 18
188	1 7 4 20
189	12 31 37 11
190	3 34 7 30
191	6 18 24 25
192	37 19 25 36
193	20 35 27 34
194	2 3 23 28
195	21 2 8 33
196	39 32 29 10
197	20 14 37 7
198	39 6 16 5
199	26 1 40 19
200	24 3 18 36
201	3 8 35 20
202	2 13 15 19
203	36 16 29 37
204	10 40 37 36
205	34 12 40 3
206	32 40 5 39
207	11 20 36 21
208	13 22 36 24
209	32 34 5 14
210	10 28 32 35
211	23 31 4 25
212	2 18 13 1
213	17 23 27 3
214	26 27 4 32
215	1 7 11 39
216	20 17 34 19
217	15 10 21 30
218	2 35 39 19
219	30 24 14 40
220	12 39 8 25
221	8 31 34 4
222	34 12 8 10
223	29 35 9 3
224	23 27 33 25
225	32 16 40 35
226	26 37 9 22
227	33 3 6 16
228	40 18 7 29
229	28 25 18 2
230	32 12 13 27
231	30 40 26 33
232	36 12 6 33
233	15 10 22 12
234	4 23 30 2
235	22 14 18 26
236	37 22 9 4
237	35 2 23 18
238	23 3 10 12
239	11 8 37 34
240	18 9 38 36
241	4 26 11 37
242	7 31 20 33
243	1 11 28 6
244	39 32 37 6
245	14 40 35 12
246	2 5 22 33
247	40 39 12 18
248	22 12 5 23
249	4 26 32 14
250	26 3 24 7
251	12 37 5 11
252	15 39 20 12
253	18 5 11 24
254	31 8 1 3
255	13 16 17 14
256	29 23 5 19
257	16 31 33 8
258	20 13 19 2
259	28 33 27 9
260	8 19 12 7
261	11 29 23 38
262	17 30 40 2
263	20 32 38 25
264	11 27 38 16
265	2 37 13 33
266	14 22 3 36
267	36 17 13 20
268	37 31 29 26
269	27 9 6 21
270	25 9 33 20
271	25 38 29 2
272	12 24 31 29
273	7 12 24 8
274	37 8 27 3
275	20 28 34 39
276	18 25 29 21
277	20 10 6 15
278	13 4 20 33
279	6 17 25 26
280	37 30 38 26
281	6 12 20 22
282	10 23 35 36
283	16 11 2 1
284	33 3 5 14
285	3 39 38 6
286	30 18 12 2
287	13 19 7 38
288	9 18 23 33
289	4 6 23 29
290	22 25 13 40
291	37 40 18 27
292	38 4 36 22
293	15 39 19 5
294	9 1 30 11
295	9 38 7 35
296	16 30 3 34
297	8 4 22 33
298	8 7 14 38
299	30 1 24 25
300	2 11 29 32
301	23 29 6 8
302	25 9 37 38
303	6 24 19 15
304	37 20 17 40
305	14 33 10 28
306	30 19 36 33
307	14 29 27 12
308	6 29 14 23
309	33 35 16 34
310	36 18 31 33
311	6 14 30 19
312	8 32 4 34
313	24 9 31 36
314	1 31 3 25
315	6 38 31 35
316	3 19 30 35
317	14 30 23 9
318	28 11 35 3
319	6 1 23 38
320	25 3 33 12
321	14 5 12 18
322	35 8 2 29
323	22 38 15 26
324	3 4 31 29
325	29 2 6 19
326	15 20 8 13
327	19 1 24 14
328	8 35 19 26
329	30 32 19 36
330	9 8 26 15
331	5 11 2 37
332	11 21 23 6
333	28 3 35 34
334	35 10 11 30
335	6 37 34 32
336	26 25 36 30
337	34 20 19 18
338	30 3 12 16
339	31 19 33 34
340	32 7 13 15
341	3 21 28 16
342	22 8 15 29
343	9 22 39 15
344	32 18 23 37
345	21 9 35 10
346	16 1 15 26
347	40 11 4 33
348	24 28 31 25
349	15 3 16 7
350	21 24 11 10
351	15 8 35 5
352	18 37 3 26
353	27 4 23 15
354	23 27 28 13
355	5 36 34 35
356	37 32 39 21
357	10 21 17 15
358	13 21 38 18
359	3 13 23 1
360	25 36 7 29
361	19 35 24 17
362	3 10 38 27
363	3 24 16 1
364	15 27 17 36
365	1 24 13 12
366	17 34 4 29
367	4 10 18 24
368	12 31 13 5
369	4 17 1 39
370	5 28 13 30
371	20 1 34 40
372	35 10 24 1
373	20 3 2 6
374	6 19 24 11
375	29 20 23 32
376	27 34 2 7
377	3 34 39 4
378	3 19 26 12
379	24 40 35 16
380	14 30 28 15
381	8 21 18 1
382	10 6 5 34
383	27 39 30 21
384	16 32 12 3
385	10 9 20 16
386	24 31 30 4
387	12 2 25 33
388	19 28 3 38
389	11 9 20 38
390	4 19 16 9
391	19 30 10 31
392	38 12 8 30
393	9 8 34 26
394	8 1 32 20
395	9 16 21 20
396	31 34 4 33
397	25 21 10 35
398	5 37 3 22
399	4 17 33 22
400	11 37 2 25
