Students	400
1	23 32 19 5
2	1 6 31 10
3	4 17 9 5
4	40 4 11 23
5	19 18 23 15
6	32 15 24 13
7	38 24 28 34
8	15 26 19 17
9	1 15 9 5
10	12 8 20 18
11	36 31 17 2
12	2 10 14 38
13	1 9 2 3
14	39 21 38 15
15	12 7 23 24
16	28 4 5 17
17	10 6 25 37
18	8 29 7 27
19	19 31 38 10
20	2 11 20 6
21	25 12 30 13
22	2 21 36 31
23	21 13 11 7
24	11 35 36 3
25	13 32 6 10
26	26 8 40 19
27	28 24 13 25
28	1 12 29 37
29	19 17 30 7
30	14 32 30 36
31	28 22 26 30
32	33 14 34 25
33	13 36 26 23
34	6 37 11 39
35	11 28 15 18
36	1 4 3 28
37	29 31 36 19
38	39 22 13 11
39	39 4 5 33
40	16 27 18 31
41	37 25 39 2
42	40 22 7 26
43	33 25 31 15
44	28 13 21 12
45	10 8 25 15
46	32 37 5 33
47	8 12 18 15
48	25 29 2 33
49	32 13 5 28
50	23 17 37 20
51	3 16 20 31
52	11 5 23 27
53	16 29 19 39
54	25 18 8 10
55	32 40 35 6
56	9 17 1 11
57	20 24 38 19
58	13 7 23 40
59	1 5 30 9
60	3 15 12 32
61	8 14 26 20
62	11 28 1 23
63	1 25 33 38
64	36 31 35 20
65	33 30 6 17
66	9 37 26 19
67	23 12 16 4
68	28 2 26 33
69	18 26 38 24
70	16 20 29 9
71	15 31 34 6
72	34 27 38 23
73	32 5 13 8
74	19 15 38 7
75	7 24 26 11
76	16 19 14 29
77	21 17 9 40
78	29 36 25 12
79	24 4 40 34
80	39 6 38 17
81	7 6 27 2
82	19 30 16 1
83	6 18 19 28
84	19 39 1 14
85	22 30 4 20
86	13 11 3 7
87	15 22 1 24
88	14 32 3 15
89	15 40 13 16
90	30 28 9 34
91	36 39 35 19
92	13 10 7 4
93	34 24 9 23
94	7 30 4 40
95	21 26 11 34
96	40 28 31 18
97	23 25 15 29
98	40 17 21 1
99	27 29 17 14
100	29 1 23 35
101	39 28 3 1
102	10 14 19 30
103	8 21 7 27
104	32 11 38 29
105	5 37 12 1
106	17 20 12 26
107	16 11 15 8
108	23 31 17 39
109	11 7 37 20
110	39 15 4 9
111	19 38 1 22
112	29 12 27 32
113	8 35 36 19
114	25 39 32 38
115	22 38 8 28
116	32 16 29 17
117	20 2 1 39
118	4 39 33 19
119	13 6 4 23
120	14 10 35 30
121	22 32 23 10
122	4 26 29 17
123	2 39 38 24
124	39 31 8 30
125	26 20 5 18
126	20 24 33 39
127	11 26 34 17
128	22 24 10 28
129	27 34 5 29
130	36 23 27 12
131	27 5 3 24
132	3 17 30 29
133	16 19 31 35
134	32 22 1 2
135	32 25 35 38
136	11 8 37 19
137	11 7 32 36
138	1 26 13 11
139	15 16 6 14
140	26 4 9 22
141	9 4 40 26
142	15 2 32 5
143	40 13 35 39
144	20 11 32 7
145	13 34 25 8
146	1 36 38 8
147	9 20 15 27
148	14 38 35 34
149	14 9 19 32
150	37 30 23 3
151	11 26 30 35
152	34 21 11 28
153	34 22 9 26
154	19 35 40 12
155	29 35 6 3
156	40 33 26 27
157	32 21 20 37
158	18 14 36 26
159	5 15 10 12
160	13 16 33 17
161	20 1 4 38
162	17 6 36 13
163	40 26 28 5
164	16 38 13 22
165	38 22 10 36
166	12 16 26 33
167	6 34 27 23
168	31 35 10 18
169	19 28 9 39
170	19 35 10 18
171	20 2 6 34
172	19 5 39 40
173	21 30 22 10
174	30 40 16 29
175	38 39 29 33
176	18 37 4 5
177	8 5 20 12
178	17 29 16 24
179	6 40 24 31
180	38 15 2 25
181	28 17 23 1
182	4 35 16 28
183	38 1 28 12
184	35 33 7 36
185	20 31 30 28
186	37 22 12 39
187	8 5 13 6
188	22 34 16 24
189	9 18 15 38
190	5 26 3 18
191	31 29 26 5
192	24 21 40 25
193	8 32 33 27
194	35 9 2 37
195	1 37 6 22
196	39 24 14 22
197	5 4 13 31
198	21 34 28 23
199	14 13 15 25
200	12 1 33 28
201	11 27 23 36
202	29 6 38 24
203	6 17 21 33
204	33 32 34 24
205	39 6 10 3
206	36 24 34 21
207	30 31 12 15
208	29 23 13 10
209	29 16 17 38
210	14 9 1 15
211	17 18 32 21
212	26 3 40 16
213	32 20 30 13
214	40 3 21 23
215	19 15 31 27
216	1 35 21 39
217	20 19 3 1
218	32 5 23 15
219	39 1 14 38
220	1 15 8 18
221	39 32 9 8
222	20 6 30 2
223	5 22 20 4
224	33 4 32 23
225	17 13 9 19
226	17 22 23 12
227	8 35 2 1
228	1 36 24 5
229	4 38 19 22
230	7 6 30 21
231	37 22 9 1
232	16 7 18 34
233	14 7 21 35
234	40 29 25 13
235	10 9 24 11
236	13 16 12 36
237	25 35 10 2
238	7 4 19 18
239	26 6 5 16
240	39 7 27 26
241	19 39 23 5
242	25 19 26 5
243	15 38 27 8
244	11 15 34 32
245	15 27 6 37
246	3 1 5 11
247	32 18 28 39
248	5 28 3 16
249	31 22 28 10
250	9 27 1 31
251	35 23 4 37
252	26 18 34 14
253	8 5 19 26
254	6 24 23 22
255	27 37 12 38
256	13 33 2 6
257	12 28 20 33
258	7 6 20 4
259	4 6 36 27
260	32 5 4 1
261	16 32 39 19
262	17 11 25 16
263	10 25 9 18
264	16 32 23 20
265	22 6 37 29
266	9 19 8 7
267	14 2 27 31
268	18 12 13 33
269	14 4 39 6
270	17 25 9 36
271	40 38 34 39
272	11 16 32 38
273	25 3 10 32
274	3 8 16 6
275	18 28 4 16
276	9 17 38 40
277	6 16 5 37
278	6 28 30 14
279	24 11 2 3
280	13 6 1 11
281	11 16 25 19
282	2 18 31 21
283	27 31 37 33
284	6 16 37 20
285	14 17 6 34
286	30 24 32 35
287	1 35 27 8
288	8 30 35 12
289	22 8 14 16
290	39 22 15 38
291	22 10 39 40
292	32 5 33 21
293	27 39 18 15
294	27 29 5 33
295	24 32 25 7
296	32 21 13 17
297	23 39 32 36
298	9 32 33 15
299	31 22 11 6
300	29 22 25 39
301	8 2 19 32
302	10 2 1 24
303	15 8 21 13
304	10 5 32 27
305	29 10 12 17
306	30 8 37 27
307	22 3 25 10
308	7 13 16 26
309	27 7 28 15
310	32 33 23 1
311	11 20 22 32
312	31 37 23 29
313	1 27 26 23
314	7 8 26 30
315	2 4 18 30
316	3 15 17 18
317	27 8 15 17
318	35 7 27 8
319	5 3 26 10
320	26 31 13 8
321	24 34 25 38
322	18 9 1 34
323	5 13 20 18
324	33 9 37 29
325	21 13 5 30
326	2 19 33 3
327	22 28 9 24
328	32 31 28 5
329	3 33 7 29
330	1 21 40 10
331	21 14 34 12
332	3 31 23 18
333	5 10 17 2
334	38 16 20 39
335	19 22 2 36
336	2 18 3 9
337	19 20 24 35
338	12 35 28 11
339	17 14 1 37
340	34 13 29 22
341	28 24 21 19
342	37 19 34 15
343	32 6 16 8
344	19 6 33 38
345	36 39 8 24
346	35 23 3 17
347	13 37 25 28
348	5 32 1 23
349	19 8 27 11
350	15 18 7 27
351	4 21 39 15
352	10 30 22 37
353	32 37 14 29
354	16 28 25 31
355	18 1 9 35
356	34 3 7 22
357	40 24 22 12
358	19 1 3 13
359	21 37 8 6
360	1 18 17 7
361	8 6 12 4
362	12 15 10 5
363	8 34 19 4
364	26 37 33 2
365	37 9 40 17
366	6 29 3 2
367	40 26 6 14
368	25 33 30 36
369	27 13 40 7
370	8 23 22 31
371	1 4 21 10
372	32 8 18 6
373	19 17 15 35
374	15 3 25 11
375	7 9 15 26
376	34 37 14 7
377	39 13 8 38
378	35 9 36 32
379	19 40 37 39
380	40 15 23 38
381	6 33 36 5
382	40 38 21 8
383	37 20 10 29
384	9 29 38 37
385	4 21 18 35
386	37 24 17 21
387	40 13 31 27
388	27 8 13 4
389	10 22 21 34
390	33 20 39 26
391	8 31 35 34
392	27 3 12 16
393	14 15 40 1
394	11 17 33 37
395	1 20 3 10
396	40 14 27 10
397	38 10 27 16
398	1 29 21 31
399	19 20 8 40
400	17 40 22 3
