Students	400
1	8 36 34 23
2	17 20 33 28
3	11 4 7 23
4	3 23 13 15
5	27 36 32 25
6	33 8 14 25
7	15 9 35 13
8	2 19 29 20
9	36 26 24 9
10	17 36 23 19
11	31 26 6 7
12	2 6 37 1
13	31 23 30 26
14	19 22 30 10
15	5 10 38 26
16	7 22 8 25
17	24 11 2 20
18	14 11 3 36
19	7 8 33 19
20	37 30 38 10
21	1 14 7 23
22	34 2 29 4
23	16 31 40 24
24	1 5 37 10
25	31 32 6 14
26	8 39 9 1
27	23 20 12 13
28	5 25 16 10
29	33 28 40 12
30	7 16 1 29
31	16 3 31 28
32	11 36 34 6
33	5 23 15 21
34	28 17 25 6
35	38 22 28 21
36	8 25 24 6
37	1 37 25 14
38	25 24 22 23
39	36 9 16 24
40	37 13 24 39
41	11 29 30 14
42	27 29 10 38
43	16 36 11 8
44	37 26 25 40
45	34 4 1 5
46	3 4 14 20
47	35 3 37 38
48	34 20 11 18
49	7 37 10 24
50	17 29 11 19
51	2 21 7 12
52	10 8 5 6
53	18 33 39 7
54	6 29 32 5
55	24 14 22 37
56	11 33 18 32
57	25 21 36 9
58	36 13 29 35
59	30 38 33 21
60	39 11 36 8
61	5 40 39 27
62	21 9 26 39
63	26 34 22 3
64	25 17 30 27
65	31 29 1 12
66	35 6 11 3
67	14 25 9 36
68	32 6 15 11
69	35 23 34 16
70	19 17 3 13
71	23 3 1 25
72	33 31 26 10
73	27 22 6 36
74	30 18 10 34
75	27 14 11 23
76	1 15 38 33
77	2 22 16 17
78	10 14 11 16
79	14 20 18 6
80	20 3 39 2
81	32 40 24 22
82	27 35 36 13
83	7 34 38 10
84	25 28 6 16
85	2 3 23 9
86	27 17 39 9
87	5 4 9 19
88	37 29 5 3
89	3 17 11 29
90	39 31 33 18
91	28 6 27 30
92	14 16 27 35
93	28 36 20 14
94	11 38 37 5
95	11 27 30 28
96	14 40 15 6
97	36 40 24 28
98	3 27 10 29
99	2 40 17 23
100	24 40 17 14
101	25 29 7 6
102	28 17 27 24
103	18 19 20 7
104	11 40 14 15
105	23 38 12 2
106	15 37 28 17
107	18 2 23 28
108	10 17 2 14
109	40 17 7 28
110	27 29 5 35
111	11 23 28 10
112	24 26 32 21
113	23 18 12 6
114	31 4 16 15
115	7 26 35 1
116	16 25 35 7
117	28 27 35 19
118	6 17 4 26
119	40 16 39 25
120	32 3 30 31
121	35 21 6 9
122	21 3 26 19
123	37 25 3 38
124	28 37 38 2
125	20 28 30 31
126	12 14 25 15
127	27 4 34 10
128	31 23 36 21
129	29 33 4 37
130	25 2 7 5
131	36 3 35 15
132	10 39 29 11
133	21 10 6 13
134	10 11 23 19
135	32 34 13 18
136	24 31 19 28
137	8 11 4 12
138	5 2 15 30
139	37 17 8 24
140	40 34 29 16
141	37 32 18 16
142	7 2 6 35
143	34 26 2 37
144	8 36 16 35
145	31 40 9 24
146	2 17 20 26
147	20 29 17 36
148	16 5 19 14
149	31 39 37 30
150	40 1 36 14
151	11 40 1 25
152	4 13 21 2
153	11 36 32 12
154	36 32 35 34
155	40 16 18 30
156	40 23 6 7
157	22 32 12 28
158	40 17 5 20
159	13 37 6 23
160	2 15 33 6
161	19 17 35 25
162	35 28 31 16
163	14 36 38 30
164	26 14 1 16
165	6 2 1 39
166	9 28 36 13
167	39 14 13 1
168	1 30 24 18
169	38 39 19 36
170	32 23 19 5
171	36 32 17 22
172	37 10 26 40
173	38 18 27 25
174	15 37 6 38
175	11 17 31 12
176	23 18 8 29
177	2 5 12 9
178	1 9 6 15
179	4 32 31 35
180	38 35 25 14
181	8 14 24 29
182	24 2 28 38
183	7 39 21 16
184	17 15 30 21
185	14 39 13 4
186	30 10 1 5
187	21 2 15 12
188	38 13 39 17
189	31 30 16 27
190	12 5 10 25
191	12 7 6 5
192	13 15 32 19
193	32 12 27 17
194	11 21 15 20
195	26 24 17 39
196	22 3 11 38
197	1 14 13 17
198	35 25 29 38
199	19 35 5 1
200	5 13 11 23
201	15 18 39 37
202	29 35 23 28
203	5 8 1 33
204	8 4 17 11
205	37 21 10 35
206	2 4 26 17
207	29 30 32 17
208	34 39 36 35
209	23 5 14 24
210	17 39 11 28
211	38 13 40 15
212	23 37 8 28
213	8 40 2 14
214	2 31 9 18
215	14 22 1 13
216	19 27 12 16
217	37 8 15 40
218	40 37 8 30
219	31 14 1 2
220	6 40 32 19
221	15 13 2 5
222	34 24 27 22
223	4 9 15 36
224	19 26 38 27
225	34 38 29 40
226	35 30 27 18
227	39 7 17 10
228	14 32 3 25
229	25 29 1 33
230	16 15 29 12
231	22 16 38 40
232	10 33 13 31
233	29 28 27 9
234	33 28 13 38
235	2 24 33 21
236	31 17 34 23
237	30 1 11 40
238	20 33 21 19
239	31 26 15 34
240	11 38 20 31
241	27 33 11 39
242	11 33 27 10
243	29 4 38 39
244	23 37 15 26
245	17 4 18 23
246	8 10 38 22
247	10 37 21 36
248	24 14 36 20
249	26 2 1 33
250	6 24 23 10
251	11 12 32 17
252	17 13 38 22
253	18 4 25 38
254	38 26 33 16
255	18 9 8 5
256	40 11 9 37
257	25 38 7 5
258	14 8 29 40
259	30 37 19 12
260	15 16 14 8
261	32 30 13 35
262	10 36 2 9
263	8 40 19 30
264	12 5 3 2
265	14 21 31 28
266	29 17 5 8
267	40 24 3 21
268	5 14 3 30
269	4 19 31 20
270	15 32 28 2
271	3 34 19 11
272	5 29 4 21
273	31 39 34 10
274	35 29 19 33
275	32 18 22 4
276	31 26 23 38
277	15 23 21 1
278	37 4 6 28
279	11 1 31 16
280	24 6 21 34
281	40 7 33 12
282	8 2 32 30
283	6 8 4 32
284	39 38 30 22
285	5 27 36 19
286	10 22 31 14
287	28 29 35 37
288	19 10 37 8
289	5 19 17 38
290	24 28 34 17
291	32 22 7 1
292	23 33 17 30
293	13 37 16 26
294	34 22 15 2
295	1 20 23 18
296	14 27 22 38
297	9 32 8 36
298	27 29 37 1
299	22 38 5 33
300	23 39 35 29
301	13 40 28 27
302	16 33 35 4
303	19 18 26 15
304	8 39 5 2
305	4 25 36 2
306	22 21 38 15
307	28 34 18 25
308	14 31 38 36
309	14 18 28 13
310	3 40 19 18
311	3 36 29 24
312	23 4 30 7
313	14 36 2 28
314	33 12 40 20
315	19 36 22 21
316	6 36 7 9
317	36 34 24 31
318	4 17 3 33
319	15 10 33 35
320	28 39 9 19
321	14 35 1 30
322	7 24 16 17
323	24 18 21 13
324	25 20 8 26
325	12 23 27 30
326	40 31 37 28
327	39 6 28 29
328	26 32 22 12
329	36 21 13 24
330	34 2 15 9
331	35 20 15 22
332	17 40 9 23
333	36 31 2 38
334	8 36 19 25
335	18 7 24 32
336	29 36 9 14
337	21 33 20 39
338	15 14 38 9
339	32 3 5 16
340	21 26 1 18
341	1 23 40 10
342	16 9 26 22
343	7 22 39 3
344	19 34 30 31
345	4 14 13 24
346	17 2 21 12
347	24 7 38 19
348	7 20 10 37
349	29 12 25 21
350	15 31 27 28
351	27 33 40 30
352	14 38 6 18
353	8 5 36 24
354	20 31 4 40
355	18 12 7 26
356	13 5 38 19
357	7 9 14 17
358	10 18 33 19
359	13 28 40 36
360	6 9 31 19
361	31 21 23 25
362	13 21 9 3
363	9 18 14 10
364	25 39 16 1
365	34 12 33 8
366	1 2 27 36
367	29 13 5 19
368	40 37 12 15
369	24 1 25 31
370	18 20 32 27
371	18 1 34 30
372	35 30 2 14
373	20 16 30 13
374	20 11 30 7
375	11 26 24 8
376	21 12 22 17
377	24 34 32 23
378	6 16 29 13
379	17 16 31 9
380	9 4 26 8
381	10 37 8 31
382	11 27 24 30
383	36 8 32 7
384	15 11 17 36
385	36 37 30 10
386	7 10 21 33
387	29 3 36 38
388	15 34 8 14
389	37 39 40 31
390	20 27 37 10
391	36 37 35 29
392	13 23 36 24
393	18 25 26 29
394	35 9 1 38
395	29 15 26 17
396	16 13 30 31
397	38 9 35 28
398	31 1 29 22
399	31 11 20 25
400	16 7 9 35
