Students	400
1	3 25 13 9
2	30 27 14 35
3	20 23 27 22
4	22 35 1 18
5	11 17 24 22
6	18 24 16 9
7	15 38 40 4
8	8 31 38 1
9	7 1 15 30
10	3 27 24 2
11	37 11 20 4
12	30 7 19 38
13	10 9 25 35
14	3 15 27 14
15	36 13 1 38
16	36 32 23 38
17	25 6 35 16
18	30 27 12 28
19	6 25 33 14
20	7 36 26 13
21	28 33 3 4
22	34 20 19 21
23	35 20 27 25
24	1 30 9 21
25	11 31 23 5
26	8 28 10 7
27	17 34 4 13
28	4 35 31 18
29	1 32 19 34
30	27 33 29 1
31	36 32 12 16
32	29 19 11 3
33	21 2 16 13
34	39 5 6 19
35	10 23 2 27
36	18 17 21 35
37	37 6 9 34
38	17 34 2 23
39	29 39 18 40
40	34 1 6 5
41	21 23 26 38
42	4 27 32 26
43	6 15 31 10
44	31 4 24 5
45	29 4 17 12
46	32 26 14 3
47	21 29 20 5
48	10 38 32 13
49	15 38 39 30
50	15 33 20 36
51	12 33 14 26
52	39 27 35 5
53	17 9 3 34
54	4 12 2 13
55	36 19 35 27
56	15 4 14 1
57	34 4 31 16
58	2 27 22 15
59	32 10 33 18
60	17 34 37 28
61	17 6 38 26
62	17 36 39 34
63	5 23 24 37
64	27 31 14 3
65	35 24 28 11
66	32 9 2 1
67	28 30 1 13
68	9 11 39 3
69	30 11 5 35
70	5 28 34 10
71	27 5 26 18
72	13 36 40 8
73	33 4 12 39
74	19 29 7 31
75	1 8 35 7
76	38 29 11 3
77	12 22 36 20
78	28 26 30 19
79	14 39 10 5
80	18 39 32 36
81	21 9 39 17
82	20 14 12 18
83	25 34 40 8
84	18 35 14 20
85	23 14 3 21
86	40 2 3 32
87	24 25 20 39
88	40 6 21 31
89	36 27 13 28
90	2 6 29 34
91	22 30 1 32
92	27 34 31 39
93	21 2 30 18
94	27 40 19 3
95	20 8 6 9
96	9 34 20 19
97	23 13 11 31
98	13 25 35 36
99	1 40 14 39
100	29 22 17 37
101	2 22 3 10
102	20 32 1 39
103	39 13 30 18
104	25 9 7 2
105	2 31 32 24
106	1 16 21 13
107	18 39 20 32
108	26 13 37 31
109	3 12 29 35
110	7 35 34 29
111	5 25 19 40
112	30 27 26 11
113	34 20 23 11
114	37 32 8 31
115	23 18 35 12
116	29 1 28 16
117	38 40 9 17
118	25 11 2 35
119	40 20 30 32
120	10 36 5 11
121	33 20 39 7
122	20 3 14 11
123	6 24 14 4
124	38 27 6 32
125	3 38 10 1
126	10 16 20 25
127	23 5 29 22
128	2 12 33 9
129	26 6 28 8
130	20 12 26 28
131	11 36 23 6
132	16 25 10 39
133	32 14 26 28
134	33 34 16 30
135	40 17 5 24
136	31 4 36 11
137	22 20 17 4
138	23 32 35 3
139	28 4 24 6
140	36 30 6 18
141	14 13 8 33
142	8 38 9 5
143	6 28 14 18
144	12 29 35 24
145	27 38 11 23
146	10 19 13 27
147	13 28 30 11
148	31 11 3 19
149	10 33 7 1
150	23 8 19 29
151	18 12 5 13
152	6 2 34 31
153	6 20 19 22
154	15 17 1 5
155	29 40 31 36
156	10 1 22 31
157	27 22 8 23
158	4 15 3 37
159	36 32 21 11
160	13 3 24 34
161	19 30 13 39
162	31 24 23 3
163	7 19 15 13
164	38 29 32 16
165	8 20 24 30
166	28 33 40 7
167	1 29 17 21
168	11 9 19 20
169	17 6 7 29
170	37 7 38 6
171	23 8 11 1
172	33 31 25 19
173	28 10 15 12
174	33 39 38 31
175	26 11 3 17
176	39 36 10 9
177	21 26 7 35
178	36 8 12 17
179	15 39 9 10
180	27 22 30 6
181	28 40 19 27
182	16 24 17 22
183	22 11 2 26
184	36 31 21 11
185	11 10 38 17
186	8 1 26 6
187	34 9 11 5
188	37 2 22 24
189	37 20 34 27
190	7 14 24 1
191	25 26 1 8
192	32 22 15 18
193	7 1 18 19
194	30 29 39 8
195	16 38 32 22
196	16 2 6 5
197	10 17 6 38
198	1 12 26 19
199	24 8 16 3
200	21 31 28 4
201	21 15 9 40
202	40 19 14 18
203	36 22 26 10
204	26 1 36 37
205	16 26 24 38
206	22 15 3 36
207	4 10 1 36
208	25 14 8 7
209	11 1 33 39
210	8 10 11 18
211	23 26 27 11
212	32 37 34 7
213	38 8 17 25
214	36 2 21 30
215	2 13 5 31
216	30 31 15 5
217	3 9 1 15
218	15 5 40 10
219	22 40 38 5
220	20 3 31 14
221	23 32 38 3
222	33 6 2 1
223	13 6 31 26
224	33 6 30 22
225	7 8 32 13
226	26 2 37 31
227	33 34 38 10
228	40 5 10 11
229	5 29 18 32
230	17 11 33 21
231	18 5 15 38
232	13 27 16 31
233	4 24 16 29
234	31 37 8 18
235	39 24 18 36
236	20 3 38 17
237	34 15 37 10
238	5 15 35 30
239	40 25 24 18
240	23 4 8 29
241	15 30 39 23
242	8 26 27 1
243	18 2 38 4
244	8 27 13 9
245	17 2 7 24
246	40 18 5 21
247	2 11 40 9
248	16 2 24 33
249	1 40 31 11
250	20 27 9 38
251	36 25 37 33
252	14 17 20 36
253	19 17 27 10
254	37 31 9 27
255	3 15 25 7
256	39 15 37 10
257	31 1 10 12
258	4 8 1 32
259	35 32 30 36
260	35 28 11 34
261	31 29 40 32
262	17 4 31 11
263	20 2 8 6
264	30 17 34 5
265	19 23 18 31
266	23 31 22 33
267	20 22 24 21
268	10 28 7 9
269	30 6 21 10
270	32 24 6 16
271	33 27 2 19
272	22 12 10 2
273	9 13 35 2
274	20 22 4 26
275	10 27 6 18
276	36 26 32 18
277	4 34 27 32
278	5 39 26 25
279	9 3 34 40
280	18 26 28 13
281	14 35 11 22
282	16 35 18 29
283	21 20 39 4
284	10 18 19 28
285	16 4 35 8
286	28 24 33 25
287	9 32 11 34
288	31 38 26 12
289	33 11 26 34
290	26 16 20 27
291	18 19 37 26
292	35 17 36 22
293	38 11 20 2
294	15 38 10 31
295	37 8 18 10
296	17 19 30 14
297	17 20 10 40
298	39 34 13 26
299	26 2 33 35
300	31 22 19 34
301	18 38 3 33
302	15 20 39 14
303	2 13 8 5
304	15 38 7 39
305	27 34 31 6
306	28 18 23 27
307	8 19 36 29
308	22 11 25 15
309	15 2 18 21
310	2 8 39 15
311	33 16 19 14
312	8 12 29 32
313	5 32 3 38
314	28 5 13 7
315	23 28 20 8
316	19 25 34 28
317	24 20 39 32
318	40 36 3 37
319	11 35 28 29
320	13 6 10 22
321	13 19 7 10
322	24 12 6 18
323	2 8 38 21
324	39 29 26 12
325	35 17 30 27
326	8 35 34 28
327	2 19 14 6
328	25 1 14 26
329	7 15 11 31
330	25 18 32 30
331	24 2 6 4
332	12 16 32 10
333	35 9 8 32
334	8 23 36 22
335	32 17 13 16
336	19 9 23 37
337	2 32 21 39
338	40 11 33 27
339	36 4 10 15
340	10 32 18 30
341	21 6 11 12
342	9 30 24 22
343	5 27 2 30
344	4 1 28 2
345	18 33 8 38
346	39 29 30 12
347	18 3 37 22
348	1 13 38 5
349	2 27 31 34
350	28 27 33 34
351	27 38 18 1
352	9 32 21 4
353	14 2 7 31
354	27 18 28 15
355	6 31 16 25
356	18 3 35 36
357	35 20 37 34
358	13 19 6 20
359	28 11 17 16
360	20 3 18 27
361	4 24 18 15
362	31 18 34 13
363	40 31 6 16
364	37 30 33 8
365	2 18 20 25
366	36 27 21 10
367	9 5 16 40
368	20 38 23 37
369	35 34 32 38
370	6 36 18 11
371	34 27 14 5
372	21 12 32 14
373	14 27 19 36
374	9 6 33 21
375	14 30 7 26
376	23 3 22 31
377	7 5 9 24
378	7 3 22 36
379	25 30 32 39
380	33 35 38 8
381	28 4 3 16
382	7 6 3 29
383	29 22 17 37
384	36 13 6 23
385	36 39 21 19
386	12 38 16 17
387	35 13 24 6
388	36 28 29 21
389	32 2 9 26
390	34 10 2 26
391	4 18 35 40
392	8 25 7 13
393	6 28 12 22
394	1 28 18 36
395	32 26 16 21
396	17 6 13 16
397	9 7 20 35
398	18 32 11 6
399	22 8 29 26
400	24 11 23 1
