Students	400
1	11 34 15 10
2	2 19 11 12
3	30 5 2 6
4	23 37 9 32
5	32 27 22 4
6	21 7 8 26
7	4 31 14 29
8	8 15 12 22
9	26 13 12 9
10	28 5 37 22
11	7 9 10 2
12	10 4 36 29
13	35 23 2 22
14	18 29 23 39
15	40 25 21 34
16	32 28 22 34
17	18 32 4 25
18	35 10 24 30
19	30 19 6 12
20	24 5 28 4
21	13 4 34 35
22	33 24 10 28
23	30 27 32 31
24	1 10 9 24
25	37 31 33 11
26	4 13 15 40
27	2 8 19 21
28	37 32 16 27
29	21 19 31 3
30	28 27 5 20
31	4 29 2 8
32	32 22 3 27
33	34 12 40 11
34	14 10 11 2
35	12 6 23 33
36	9 33 29 12
37	5 25 27 19
38	15 30 38 4
39	31 20 39 3
40	22 16 20 29
41	28 16 32 39
42	26 21 7 12
43	20 36 34 38
44	39 36 13 20
45	31 11 1 32
46	22 4 14 7
47	34 10 19 13
48	31 28 6 26
49	34 18 10 19
50	12 40 24 6
51	16 29 40 36
52	31 37 2 25
53	14 18 27 36
54	3 11 8 34
55	9 6 38 24
56	34 29 18 32
57	11 22 28 13
58	24 16 8 19
59	10 35 39 32
60	11 20 18 39
61	9 40 37 30
62	19 3 20 35
63	22 15 3 30
64	20 10 17 1
65	35 30 4 5
66	21 2 20 14
67	16 21 37 14
68	34 19 1 7
69	35 38 6 31
70	4 25 7 2
71	1 34 9 7
72	18 26 19 1
73	37 11 35 34
74	18 16 27 7
75	11 9 3 22
76	31 38 12 34
77	25 12 34 7
78	23 38 28 8
79	3 25 19 11
80	15 12 40 26
81	18 28 29 34
82	8 37 39 40
83	11 15 38 22
84	6 37 10 36
85	36 40 13 3
86	32 22 9 24
87	3 33 35 10
88	21 31 40 24
89	22 40 33 16
90	23 26 19 13
91	8 39 4 10
92	17 14 21 16
93	10 20 25 24
94	16 32 2 20
95	31 13 15 20
96	3 31 12 29
97	17 35 4 23
98	25 26 28 29
99	23 5 19 40
100	24 31 11 35
101	19 22 3 23
102	33 35 38 11
103	24 10 18 32
104	18 2 30 14
105	40 2 5 13
106	38 26 28 6
107	30 8 34 29
108	5 9 16 36
109	7 16 39 35
110	32 24 33 27
111	20 18 22 35
112	12 27 22 19
113	10 7 6 22
114	5 2 10 23
115	3 5 10 36
116	18 23 25 31
117	35 6 21 26
118	16 36 9 37
119	4 15 11 19
120	16 27 32 2
121	20 8 27 34
122	30 32 11 23
123	30 16 6 10
124	23 26 19 40
125	5 8 24 26
126	38 27 23 10
127	23 38 16 8
128	29 28 26 36
129	11 37 31 38
130	20 33 14 12
131	40 15 6 25
132	9 22 19 17
133	4 10 11 8
134	19 3 29 4
135	2 38 39 10
136	14 34 7 28
137	22 13 33 40
138	39 40 10 22
139	37 35 22 32
140	37 32 15 17
141	30 17 9 37
142	22 10 3 7
143	7 2 16 36
144	25 21 8 17
145	4 15 27 31
146	13 6 25 40
147	2 5 20 21
148	27 8 29 11
149	20 34 21 27
150	38 13 36 19
151	32 12 3 11
152	26 15 1 5
153	28 21 20 6
154	37 39 5 15
155	2 30 10 35
156	15 14 2 27
157	8 36 24 30
158	20 23 26 13
159	17 18 14 9
160	37 35 30 34
161	10 40 25 32
162	17 13 8 27
163	15 27 10 23
164	14 11 22 15
165	7 24 10 37
166	18 39 14 28
167	23 25 16 34
168	2 26 15 17
169	35 25 33 32
170	17 26 16 30
171	36 24 1 15
172	6 28 30 15
173	38 10 16 12
174	7 11 29 38
175	32 22 8 34
176	34 26 22 25
177	28 34 33 26
178	29 16 20 22
179	27 35 13 25
180	13 37 26 5
181	28 1 3 13
182	5 34 11 14
183	18 1 2 30
184	5 32 10 15
185	38 31 33 5
186	6 33 25 17
187	34 27 7 19
188	17 25 6 29
189	40 7 3 31
190	24 2 22 30
191	26 15 10 6
192	19 12 20 24
193	5 3 32 12
194	1 6 26 39
195	13 39 17 33
196	1 18 30 37
197	4 40 6 29
198	30 13 12 10
199	17 36 13 14
200	37 30 6 22
201	22 32 23 25
202	22 2 33 16
203	9 38 14 20
204	40 36 17 39
205	33 1 40 28
206	7 16 40 34
207	9 40 21 22
208	36 6 37 24
209	21 5 9 3
210	5 24 29 28
211	9 34 20 24
212	36 18 19 14
213	29 27 15 6
214	4 30 36 12
215	20 19 10 2
216	2 3 8 12
217	38 15 16 13
218	32 17 28 5
219	4 3 9 29
220	28 29 24 2
221	36 17 27 35
222	24 34 18 2
223	39 9 36 12
224	7 28 2 35
225	2 19 36 29
226	35 21 15 20
227	27 6 25 26
228	21 35 17 1
229	5 9 24 6
230	9 21 17 11
231	3 39 6 33
232	25 37 1 32
233	9 34 14 33
234	18 34 11 5
235	20 2 35 11
236	16 38 5 36
237	39 35 29 37
238	19 2 33 7
239	17 11 6 27
240	2 31 23 40
241	22 37 25 21
242	12 18 29 2
243	29 35 40 28
244	39 17 15 1
245	3 10 24 19
246	1 27 4 12
247	11 12 29 10
248	18 27 29 6
249	9 40 28 14
250	3 26 36 34
251	18 28 37 3
252	39 29 37 33
253	5 11 30 40
254	30 32 22 21
255	17 33 11 20
256	32 10 25 8
257	27 34 26 28
258	33 40 10 26
259	28 31 6 38
260	27 16 2 9
261	1 40 27 23
262	14 19 17 24
263	40 37 9 11
264	13 2 31 1
265	24 28 20 22
266	35 16 21 36
267	7 16 11 22
268	15 40 21 8
269	7 30 2 12
270	19 4 32 12
271	17 3 19 25
272	10 23 34 8
273	18 20 35 16
274	9 4 33 25
275	32 5 20 3
276	38 35 19 22
277	18 16 37 27
278	31 13 28 19
279	29 7 15 20
280	7 15 22 25
281	31 34 22 4
282	35 4 3 30
283	32 20 38 9
284	20 19 39 7
285	17 25 26 4
286	22 8 11 17
287	23 21 18 33
288	6 33 32 4
289	9 18 29 40
290	12 11 35 10
291	33 24 18 6
292	8 32 37 5
293	2 34 29 19
294	15 25 24 4
295	32 19 5 16
296	32 34 13 5
297	8 3 25 5
298	9 18 30 35
299	34 39 1 4
300	5 38 10 26
301	7 4 13 30
302	22 8 35 28
303	8 31 36 9
304	5 28 18 13
305	40 25 22 39
306	11 7 30 23
307	5 15 24 8
308	38 22 37 25
309	35 29 19 34
310	21 34 8 15
311	3 24 13 22
312	24 16 25 21
313	11 26 13 31
314	25 6 7 16
315	16 30 10 22
316	40 9 19 28
317	12 15 19 20
318	2 22 17 30
319	2 24 38 12
320	22 35 23 13
321	40 36 16 33
322	29 24 40 36
323	27 8 7 36
324	27 16 21 13
325	35 33 26 22
326	37 2 26 33
327	37 36 34 13
328	24 15 31 13
329	2 5 34 1
330	6 21 28 27
331	7 31 19 32
332	31 8 29 34
333	4 12 30 25
334	32 25 19 36
335	12 8 23 33
336	11 29 17 35
337	39 2 34 19
338	17 6 23 12
339	29 1 12 16
340	3 9 10 24
341	26 14 18 16
342	18 2 29 27
343	34 27 5 30
344	6 39 25 31
345	16 10 1 39
346	34 30 6 24
347	33 22 32 18
348	28 6 36 39
349	2 15 14 36
350	20 9 19 13
351	22 3 12 26
352	22 33 1 31
353	20 18 33 38
354	18 15 22 24
355	34 15 6 25
356	2 14 28 27
357	19 22 34 14
358	15 10 20 7
359	12 16 9 29
360	20 23 16 1
361	40 31 37 17
362	2 20 24 15
363	39 28 1 5
364	33 19 31 7
365	21 30 31 22
366	20 24 8 11
367	20 10 40 15
368	22 34 10 12
369	9 36 22 20
370	15 11 12 2
371	33 31 11 36
372	36 2 38 26
373	31 36 19 33
374	11 36 3 1
375	37 36 38 40
376	37 23 24 40
377	21 28 5 35
378	5 8 1 3
379	6 23 29 31
380	27 17 29 15
381	11 28 23 31
382	6 37 33 26
383	25 19 38 11
384	3 15 38 20
385	39 31 14 23
386	15 26 6 35
387	39 38 1 26
388	4 27 37 23
389	39 2 15 23
390	24 31 21 32
391	32 12 22 11
392	36 25 6 32
393	11 19 27 29
394	1 23 34 13
395	15 40 36 13
396	16 37 28 38
397	31 36 26 28
398	16 23 6 1
399	36 6 20 37
400	32 13 7 30
