Students	400
1	4 1 3 40
2	4 7 20 13
3	11 16 6 38
4	22 17 30 23
5	4 27 22 21
6	17 33 28 12
7	9 1 2 8
8	24 21 3 19
9	17 14 35 7
10	34 5 25 26
11	31 36 25 26
12	23 5 28 39
13	39 21 27 26
14	16 24 27 12
15	24 20 21 13
16	14 29 13 33
17	31 17 2 39
18	36 12 24 5
19	5 17 39 10
20	9 23 18 24
21	33 18 16 2
22	24 18 30 38
23	15 20 32 21
24	15 18 13 24
25	32 22 21 12
26	13 28 37 27
27	36 40 24 37
28	3 25 31 19
29	25 34 3 6
30	7 2 26 36
31	18 12 4 6
32	37 17 35 19
33	29 16 24 23
34	12 27 5 8
35	37 10 5 39
36	15 11 10 2
37	19 4 9 12
38	5 21 7 10
39	39 26 1 14
40	5 24 3 13
41	2 38 19 22
42	19 31 32 11
43	40 24 19 34
44	32 15 31 27
45	20 38 40 32
46	16 13 31 11
47	5 26 10 22
48	17 31 28 19
49	16 10 38 32
50	39 1 14 33
51	15 33 24 7
52	12 11 31 28
53	16 33 31 34
54	4 10 26 29
55	4 12 35 11
56	40 12 19 2
57	30 10 28 32
58	22 3 36 40
59	7 39 4 14
60	30 20 22 40
61	38 40 5 23
62	40 3 39 7
63	31 2 15 10
64	35 33 13 11
65	39 4 31 11
66	10 29 24 30
67	25 32 9 11
68	30 4 32 37
69	14 9 15 2
70	13 31 33 39
71	31 27 3 21
72	7 13 37 28
73	38 33 3 30
74	34 39 22 16
75	6 8 32 23
76	26 17 10 34
77	33 37 13 31
78	19 24 27 22
79	23 26 5 7
80	26 21 24 4
81	19 11 33 40
82	30 28 7 20
83	11 4 25 36
84	28 35 40 2
85	36 24 38 4
86	19 35 40 37
87	31 19 10 17
88	34 23 1 16
89	29 39 34 36
90	19 16 3 14
91	36 19 40 16
92	30 5 24 34
93	8 9 39 11
94	17 31 29 11
95	40 10 15 13
96	12 17 23 29
97	29 10 31 22
98	20 39 13 26
99	37 27 8 4
100	19 21 5 31
101	4 10 33 37
102	27 21 4 8
103	4 34 25 10
104	6 31 28 10
105	31 11 16 9
106	33 29 5 38
107	39 36 32 33
108	39 28 4 25
109	11 16 3 25
110	34 40 18 36
111	24 38 6 36
112	33 37 17 16
113	6 37 2 33
114	10 12 27 13
115	7 3 23 21
116	9 17 38 36
117	15 21 34 40
118	27 13 14 6
119	6 35 5 12
120	26 11 10 4
121	3 17 31 33
122	22 3 16 7
123	2 12 14 5
124	15 31 32 14
125	23 39 4 19
126	25 2 15 5
127	23 11 28 3
128	17 9 7 30
129	7 31 37 17
130	27 22 5 38
131	11 37 16 13
132	11 2 39 24
133	20 12 29 33
134	29 39 3 30
135	26 2 38 17
136	30 19 12 27
137	31 5 10 19
138	25 12 29 39
139	32 19 40 31
140	7 35 17 25
141	39 31 18 1
142	7 14 2 40
143	28 25 11 29
144	29 30 33 40
145	40 32 25 9
146	33 2 22 10
147	8 13 20 16
148	7 28 9 15
149	36 40 26 21
150	37 36 18 40
151	37 12 28 6
152	9 15 18 37
153	15 16 30 19
154	19 38 31 40
155	11 7 39 29
156	39 10 30 13
157	1 28 35 36
158	26 30 28 34
159	18 26 39 2
160	4 37 12 33
161	28 19 37 26
162	19 16 15 25
163	7 31 30 28
164	11 32 17 24
165	29 32 26 16
166	36 39 28 1
167	29 25 12 39
168	21 37 29 34
169	23 10 26 11
170	37 2 18 31
171	13 9 33 37
172	11 19 14 18
173	39 40 10 26
174	7 18 27 17
175	17 12 34 32
176	20 25 2 18
177	1 14 9 13
178	7 32 22 20
179	18 13 2 20
180	18 2 25 14
181	34 40 13 22
182	6 35 27 16
183	30 33 14 5
184	15 26 33 39
185	6 34 27 8
186	3 12 25 22
187	18 9 17 20
188	10 4 11 22
189	27 35 23 5
190	37 34 21 26
191	34 35 39 7
192	13 21 10 8
193	5 6 10 8
194	13 37 28 30
195	39 14 13 35
196	32 5 14 31
197	25 4 32 36
198	17 28 3 24
199	18 6 24 12
200	9 30 25 24
201	4 5 10 27
202	25 39 37 36
203	34 21 4 16
204	30 9 35 20
205	21 17 33 9
206	26 20 9 6
207	4 2 40 14
208	6 13 31 29
209	1 38 30 5
210	16 21 1 32
211	25 14 18 6
212	17 6 32 2
213	15 35 3 39
214	34 6 37 13
215	23 3 19 10
216	12 35 7 27
217	21 20 5 28
218	20 30 40 8
219	24 3 11 23
220	28 27 7 10
221	25 28 24 36
222	18 40 21 26
223	34 29 10 12
224	10 1 12 29
225	37 17 34 16
226	40 39 13 16
227	17 23 15 5
228	30 22 31 37
229	2 12 8 22
230	33 29 4 39
231	35 4 6 12
232	17 9 30 19
233	16 9 32 4
234	37 4 40 10
235	35 17 14 27
236	22 3 19 32
237	39 21 3 2
238	11 31 35 5
239	34 14 9 13
240	1 18 23 3
241	36 18 31 10
242	5 3 17 10
243	27 10 20 4
244	34 31 8 27
245	14 11 29 28
246	18 1 30 5
247	1 29 7 17
248	28 27 15 31
249	30 12 1 32
250	28 23 2 17
251	5 21 31 10
252	1 24 23 26
253	8 3 13 31
254	20 8 33 5
255	16 15 36 27
256	32 7 38 33
257	23 12 28 20
258	1 34 10 38
259	1 19 35 28
260	4 21 27 38
261	26 12 27 32
262	16 37 35 13
263	24 40 10 16
264	3 28 16 20
265	36 40 3 32
266	14 19 29 32
267	31 24 18 12
268	27 40 38 39
269	19 6 2 10
270	3 12 13 32
271	34 2 20 21
272	28 9 21 35
273	4 12 35 21
274	11 8 28 7
275	12 21 3 11
276	28 35 32 2
277	23 33 29 7
278	23 6 1 5
279	7 32 34 5
280	35 16 30 20
281	33 8 27 14
282	33 15 28 17
283	1 37 17 13
284	31 24 3 1
285	34 33 39 21
286	12 37 24 25
287	4 39 9 37
288	14 5 15 25
289	4 27 31 33
290	5 13 35 26
291	16 30 2 13
292	26 38 4 20
293	39 30 9 24
294	31 30 38 39
295	26 15 33 39
296	28 4 29 23
297	28 29 14 10
298	16 7 10 26
299	22 28 34 29
300	18 19 10 7
301	19 36 33 30
302	25 17 38 4
303	24 10 13 29
304	3 34 30 7
305	16 33 32 6
306	17 25 28 23
307	34 29 12 14
308	31 37 3 34
309	18 36 25 38
310	15 30 25 18
311	15 10 24 8
312	32 25 15 37
313	35 19 1 4
314	31 6 13 29
315	3 14 21 10
316	19 9 16 36
317	37 34 27 33
318	21 9 23 3
319	28 37 16 27
320	38 31 32 23
321	25 37 34 27
322	9 8 35 40
323	34 28 3 40
324	15 24 34 7
325	10 32 40 21
326	27 18 36 6
327	32 18 25 16
328	16 18 30 38
329	20 33 8 18
330	31 3 2 34
331	15 37 8 7
332	23 32 37 2
333	19 33 25 29
334	18 11 22 5
335	19 7 30 38
336	4 6 31 21
337	18 8 10 30
338	18 34 23 26
339	11 22 24 16
340	6 23 32 29
341	31 15 26 7
342	14 17 6 29
343	25 39 33 14
344	9 31 2 36
345	31 38 28 27
346	22 34 26 38
347	15 12 8 30
348	13 25 29 3
349	1 7 24 25
350	21 28 30 33
351	8 15 18 6
352	15 24 31 5
353	28 37 8 23
354	26 5 30 21
355	18 23 36 30
356	11 33 14 16
357	36 28 2 4
358	5 23 8 10
359	21 32 38 16
360	15 34 4 26
361	1 13 23 40
362	4 13 26 18
363	7 20 30 39
364	30 28 3 9
365	15 11 7 35
366	1 40 7 16
367	25 30 35 1
368	2 10 24 20
369	3 12 21 11
370	16 28 33 38
371	16 30 3 28
372	15 24 19 40
373	35 24 27 14
374	12 37 17 40
375	2 21 27 22
376	16 30 13 29
377	29 3 18 8
378	40 15 32 16
379	24 31 11 1
380	30 8 38 4
381	14 40 1 8
382	1 23 18 13
383	33 35 20 11
384	29 28 11 18
385	17 32 10 24
386	32 29 13 28
387	16 28 26 3
388	27 14 15 23
389	3 39 25 38
390	36 26 4 6
391	3 17 14 36
392	14 11 18 31
393	13 15 27 12
394	5 16 26 13
395	22 2 4 8
396	18 16 8 12
397	18 28 12 6
398	34 15 12 33
399	28 38 11 17
400	13 30 40 18
