Students	400
1	35 23 18 11
2	23 16 6 17
3	7 24 1 18
4	24 39 19 28
5	38 32 1 37
6	18 27 15 17
7	39 33 35 34
8	28 8 27 38
9	26 30 14 3
10	10 7 9 30
11	39 12 28 29
12	32 38 21 37
13	39 38 21 25
14	40 1 29 15
15	9 1 39 23
16	28 24 27 37
17	8 34 11 12
18	31 12 26 25
19	34 39 25 36
20	27 23 35 5
21	40 26 30 19
22	24 18 7 5
23	29 2 28 9
24	40 5 13 23
25	37 14 40 5
26	2 27 1 8
27	33 26 11 15
28	20 2 7 30
29	12 38 36 18
30	35 4 7 33
31	18 30 22 20
32	34 2 38 27
33	20 2 40 7
34	24 7 18 17
35	36 4 9 14
36	22 3 37 8
37	25 18 12 39
38	24 22 28 34
39	29 2 36 11
40	23 16 34 36
41	26 30 24 31
42	27 37 17 13
43	27 11 24 23
44	20 22 21 6
45	33 2 37 31
46	32 19 35 22
47	3 12 11 36
48	17 9 22 18
49	38 26 27 32
50	31 21 6 22
51	34 23 13 5
52	11 8 22 5
53	36 9 31 28
54	19 34 29 12
55	6 14 5 15
56	30 29 23 19
57	31 22 29 18
58	23 18 12 5
59	2 18 28 3
60	8 5 29 30
61	30 16 33 39
62	30 4 38 21
63	17 32 30 3
64	1 8 12 13
65	3 20 38 30
66	39 4 8 20
67	25 13 5 37
68	40 7 16 22
69	22 37 13 5
70	36 37 29 3
71	38 22 35 2
72	27 31 35 25
73	37 32 4 27
74	40 17 13 12
75	14 4 38 26
76	26 36 14 5
77	22 2 4 31
78	10 26 4 22
79	27 35 25 31
80	35 21 10 39
81	23 14 12 20
82	2 39 16 36
83	23 33 14 18
84	35 5 36 8
85	2 8 11 27
86	32 30 26 25
87	26 8 27 17
88	32 38 30 35
89	38 19 1 13
90	22 32 34 40
91	30 36 28 6
92	36 7 5 13
93	1 34 26 39
94	18 25 20 12
95	9 4 21 26
96	15 6 11 17
97	14 5 38 13
98	35 20 4 23
99	1 2 9 30
100	16 11 12 27
101	40 28 26 12
102	29 17 33 16
103	14 10 19 20
104	8 9 16 40
105	21 5 25 33
106	38 15 1 22
107	17 2 40 26
108	14 24 25 17
109	31 4 23 19
110	21 37 33 14
111	26 6 3 30
112	7 10 13 5
113	28 16 3 6
114	37 40 17 1
115	18 20 12 27
116	23 7 14 8
117	9 25 37 4
118	39 37 8 19
119	15 7 33 3
120	35 4 32 20
121	27 23 36 4
122	19 35 3 23
123	17 26 40 2
124	36 29 16 12
125	8 14 13 38
126	9 33 21 40
127	19 37 3 4
128	4 27 15 19
129	37 13 40 6
130	10 15 4 32
131	9 3 25 31
132	4 36 5 34
133	39 35 22 13
134	32 16 12 5
135	36 34 30 23
136	1 36 32 35
137	13 39 27 31
138	9 4 25 36
139	1 8 23 20
140	32 26 29 18
141	17 20 24 10
142	26 29 31 38
143	17 2 27 32
144	13 14 37 12
145	37 32 6 2
146	24 33 28 26
147	30 4 26 8
148	14 39 19 7
149	31 28 6 36
150	24 5 38 18
151	4 22 31 33
152	6 37 14 25
153	6 27 7 33
154	5 33 32 36
155	20 36 4 40
156	28 34 14 33
157	1 4 36 25
158	36 34 11 35
159	9 3 30 15
160	16 11 22 18
161	36 25 40 35
162	13 6 37 2
163	6 8 34 28
164	14 12 18 35
165	21 1 24 6
166	24 28 8 11
167	34 19 32 22
168	10 22 28 20
169	5 9 18 26
170	26 34 39 18
171	6 38 27 9
172	12 21 14 24
173	32 16 21 12
174	26 40 16 29
175	39 40 32 31
176	19 12 17 8
177	24 9 1 26
178	24 1 15 18
179	34 5 35 29
180	15 1 16 30
181	32 16 2 23
182	36 26 24 16
183	24 4 3 11
184	34 37 5 36
185	9 33 16 31
186	8 28 35 38
187	40 14 22 17
188	14 24 12 39
189	28 8 6 17
190	36 26 13 19
191	6 14 4 26
192	6 36 34 38
193	19 40 14 25
194	26 39 20 34
195	1 9 37 30
196	33 2 39 30
197	16 22 29 23
198	7 27 30 28
199	12 5 32 31
200	4 3 30 1
201	7 10 34 30
202	18 19 32 16
203	34 40 26 21
204	38 22 28 20
205	2 34 4 3
206	19 1 10 38
207	18 9 6 5
208	30 16 17 24
209	10 13 2 35
210	40 15 28 29
211	32 37 16 24
212	19 3 7 33
213	21 18 2 7
214	29 22 30 24
215	25 12 37 34
216	12 4 29 24
217	40 16 26 32
218	13 2 12 20
219	10 31 3 39
220	6 36 21 34
221	40 4 37 13
222	3 26 28 11
223	28 35 37 34
224	35 38 16 29
225	8 19 30 3
226	11 38 2 18
227	35 39 13 2
228	8 38 12 16
229	37 14 20 28
230	38 31 24 23
231	21 38 10 20
232	30 3 28 2
233	34 23 12 15
234	18 16 38 3
235	20 39 16 9
236	30 8 16 14
237	11 40 37 34
238	18 22 4 27
239	13 38 18 19
240	16 37 29 3
241	8 34 11 13
242	18 21 22 6
243	15 16 8 4
244	33 36 26 37
245	14 39 11 4
246	24 28 34 26
247	8 28 32 3
248	16 29 10 13
249	30 37 3 36
250	23 10 38 2
251	37 11 7 16
252	28 31 39 37
253	13 32 25 23
254	32 5 11 2
255	19 21 11 36
256	1 12 4 7
257	22 35 37 10
258	24 1 4 39
259	1 18 21 19
260	9 37 34 12
261	21 7 32 22
262	15 8 27 40
263	30 34 4 6
264	21 40 33 5
265	34 31 1 13
266	18 19 8 35
267	40 18 26 20
268	3 36 33 5
269	37 20 28 35
270	27 25 33 7
271	40 7 27 4
272	21 31 26 7
273	37 8 18 2
274	27 10 21 8
275	21 22 36 1
276	3 32 20 10
277	39 24 30 11
278	10 1 26 30
279	17 2 24 1
280	13 21 17 31
281	2 10 11 17
282	10 3 29 33
283	2 34 39 20
284	23 11 15 1
285	9 28 40 36
286	11 27 34 32
287	19 34 38 6
288	2 26 27 9
289	18 16 21 11
290	26 34 3 32
291	7 37 16 8
292	36 20 15 9
293	13 16 30 34
294	11 17 38 5
295	25 5 38 2
296	3 8 19 36
297	25 19 35 4
298	18 19 22 25
299	6 39 36 34
300	25 37 38 9
301	21 38 6 22
302	1 11 24 3
303	27 12 23 10
304	37 23 29 4
305	14 27 10 3
306	40 36 32 2
307	38 13 24 32
308	21 16 10 20
309	26 17 12 10
310	32 37 19 14
311	39 7 36 5
312	24 11 32 23
313	36 33 34 27
314	37 26 24 11
315	36 39 35 28
316	20 26 28 36
317	25 3 1 17
318	18 32 3 30
319	1 39 28 2
320	16 36 9 15
321	23 40 18 9
322	12 5 33 9
323	20 5 1 39
324	25 7 9 1
325	25 36 27 28
326	36 32 24 39
327	28 25 17 14
328	36 6 23 8
329	38 35 25 14
330	25 4 14 26
331	18 1 40 23
332	21 36 5 27
333	21 8 22 33
334	22 6 21 12
335	8 15 12 11
336	4 9 38 23
337	10 16 17 21
338	29 18 16 36
339	6 10 13 15
340	38 23 14 37
341	16 31 33 19
342	22 3 24 28
343	7 17 16 35
344	22 31 14 39
345	20 13 40 4
346	38 25 26 23
347	29 35 26 3
348	12 18 24 30
349	35 40 19 18
350	35 21 5 24
351	37 8 39 19
352	30 32 24 16
353	5 3 21 11
354	14 26 21 1
355	32 12 15 28
356	39 18 10 12
357	8 4 3 38
358	26 24 17 39
359	24 25 30 12
360	37 14 17 26
361	39 35 19 6
362	29 28 23 26
363	36 2 38 22
364	24 19 2 25
365	5 2 8 36
366	10 40 4 22
367	7 37 39 25
368	30 27 9 16
369	40 36 28 21
370	38 22 25 6
371	13 38 7 5
372	22 32 9 23
373	25 13 27 36
374	10 7 1 18
375	22 15 6 32
376	11 12 15 35
377	5 29 22 35
378	34 9 38 23
379	7 28 5 13
380	39 17 7 28
381	7 8 11 28
382	15 36 38 9
383	22 6 21 10
384	20 19 36 40
385	27 21 40 18
386	6 5 27 9
387	22 2 11 23
388	4 27 40 24
389	34 7 28 4
390	12 40 8 34
391	15 21 22 29
392	7 19 21 24
393	20 27 33 35
394	38 27 30 9
395	21 24 17 7
396	8 10 33 39
397	25 11 7 34
398	26 11 22 23
399	15 16 21 28
400	36 2 22 39
