Students	400
1	35 10 3 32
2	36 33 21 12
3	24 40 13 29
4	23 9 11 40
5	2 23 9 8
6	23 35 2 31
7	4 30 28 26
8	21 2 8 23
9	18 29 16 32
10	11 31 25 10
11	5 34 1 16
12	27 22 19 24
13	3 4 39 34
14	19 9 10 37
15	17 36 20 4
16	29 4 5 18
17	10 25 24 11
18	7 6 8 3
19	33 5 9 23
20	18 22 1 37
21	26 8 30 13
22	36 14 6 22
23	29 10 26 33
24	18 7 20 11
25	19 33 9 26
26	9 16 3 2
27	28 11 10 3
28	38 10 15 5
29	26 33 27 34
30	19 26 1 30
31	18 27 6 9
32	32 33 27 23
33	15 4 24 30
34	30 8 35 3
35	32 39 18 9
36	11 4 28 18
37	6 11 1 5
38	3 25 12 33
39	17 25 35 2
40	22 40 21 29
41	8 19 6 35
42	6 27 32 8
43	12 29 9 17
44	33 10 20 22
45	32 26 36 12
46	30 15 38 2
47	13 38 39 9
48	24 6 34 36
49	16 7 40 19
50	2 21 25 31
51	26 23 29 25
52	29 36 33 1
53	10 35 40 31
54	15 24 40 39
55	22 14 37 13
56	1 30 15 3
57	32 10 19 30
58	35 37 20 38
59	38 10 21 15
60	12 20 13 37
61	9 6 32 4
62	38 33 10 21
63	17 11 10 31
64	33 11 15 17
65	25 30 19 4
66	40 9 20 38
67	24 18 27 7
68	18 25 22 21
69	10 5 2 18
70	23 11 20 19
71	16 10 15 36
72	23 35 34 24
73	3 33 26 17
74	25 35 26 11
75	22 36 5 26
76	7 23 2 14
77	34 33 27 3
78	31 4 21 26
79	22 18 34 10
80	11 37 12 23
81	14 3 40 5
82	36 39 8 9
83	24 9 39 13
84	26 19 13 9
85	7 34 30 24
86	3 15 36 22
87	18 4 28 25
88	4 22 6 9
89	10 31 40 6
90	35 25 31 30
91	1 35 13 20
92	37 21 16 36
93	37 28 25 23
94	14 5 16 10
95	19 6 25 30
96	38 40 31 15
97	32 6 12 13
98	2 20 12 13
99	13 2 1 14
100	12 11 39 28
101	20 29 12 39
102	3 22 32 38
103	37 9 40 7
104	28 19 29 24
105	15 13 4 18
106	22 28 18 23
107	23 14 8 1
108	28 13 19 9
109	30 15 28 13
110	30 26 20 2
111	36 25 32 29
112	25 29 2 13
113	2 1 36 34
114	12 4 11 26
115	15 2 19 40
116	34 24 20 16
117	22 3 2 24
118	37 19 18 31
119	19 18 8 36
120	21 22 29 28
121	10 27 40 11
122	23 13 21 29
123	1 15 25 2
124	14 31 27 39
125	7 26 18 38
126	31 25 28 10
127	32 20 27 1
128	10 16 13 24
129	14 22 9 16
130	29 33 12 26
131	10 9 24 28
132	1 29 36 7
133	9 38 39 1
134	38 14 7 13
135	10 3 2 7
136	18 32 20 14
137	9 31 4 40
138	16 18 39 8
139	26 3 40 11
140	10 11 22 24
141	9 16 29 6
142	23 3 2 34
143	31 25 19 29
144	18 21 39 12
145	2 25 23 7
146	2 37 17 29
147	6 33 9 29
148	34 1 30 25
149	39 16 19 22
150	29 21 25 20
151	5 19 23 26
152	32 20 12 27
153	29 39 16 22
154	35 9 22 25
155	5 33 26 29
156	14 12 9 1
157	9 23 16 3
158	7 31 32 4
159	39 13 19 3
160	37 8 38 13
161	34 19 7 36
162	27 7 13 9
163	34 26 5 7
164	5 8 33 3
165	35 7 10 6
166	17 24 28 7
167	21 8 38 19
168	29 13 28 24
169	17 16 15 7
170	40 4 19 31
171	23 19 22 30
172	24 5 21 36
173	30 32 40 10
174	14 22 21 24
175	34 22 28 27
176	4 6 21 38
177	4 30 22 11
178	26 34 12 3
179	2 6 21 39
180	13 18 23 1
181	31 28 29 21
182	29 40 24 33
183	17 6 16 32
184	26 32 39 6
185	3 9 18 24
186	36 8 35 9
187	24 23 17 28
188	7 33 23 31
189	23 27 30 8
190	15 37 38 2
191	2 3 5 12
192	10 24 33 39
193	19 6 34 21
194	18 27 25 33
195	37 34 8 26
196	3 10 34 33
197	1 19 20 37
198	3 10 37 20
199	34 22 23 10
200	17 5 22 29
201	40 36 7 3
202	36 29 27 30
203	40 39 13 15
204	6 27 35 14
205	38 14 28 7
206	18 39 21 24
207	21 38 19 15
208	28 4 39 7
209	15 40 14 4
210	22 11 16 27
211	1 27 4 34
212	32 22 4 38
213	11 34 27 8
214	26 3 37 11
215	20 30 14 2
216	39 10 20 37
217	34 2 23 28
218	21 26 3 17
219	39 28 32 3
220	22 35 2 28
221	12 3 28 4
222	11 9 17 10
223	32 7 19 12
224	1 30 7 6
225	24 14 23 21
226	22 2 5 14
227	31 19 36 24
228	19 13 6 17
229	6 32 17 27
230	39 33 27 15
231	38 4 36 5
232	34 2 39 5
233	11 38 28 13
234	22 14 12 31
235	36 11 3 40
236	11 25 26 10
237	5 33 23 27
238	34 9 37 26
239	25 32 6 39
240	10 20 39 29
241	1 5 32 24
242	1 6 11 8
243	37 38 8 1
244	6 22 30 18
245	32 19 9 23
246	19 2 5 12
247	30 36 39 26
248	19 11 12 34
249	29 34 27 1
250	3 5 14 12
251	34 9 5 40
252	2 1 19 7
253	24 31 40 10
254	7 39 13 27
255	12 15 39 4
256	33 21 30 25
257	30 39 37 4
258	6 34 30 32
259	18 9 8 33
260	26 4 2 16
261	8 4 10 40
262	31 12 13 21
263	33 16 2 12
264	3 23 22 12
265	9 33 1 28
266	19 20 22 23
267	16 38 23 27
268	26 10 3 17
269	37 16 21 15
270	5 37 11 15
271	29 1 21 11
272	27 19 34 13
273	25 30 33 23
274	6 34 31 17
275	33 25 24 36
276	29 17 12 35
277	14 25 32 28
278	12 16 5 25
279	6 9 34 8
280	23 39 12 22
281	30 20 8 11
282	14 38 30 6
283	4 26 16 17
284	23 20 38 21
285	27 29 20 13
286	24 19 17 10
287	31 39 26 9
288	7 13 38 16
289	7 8 15 14
290	2 26 35 17
291	20 37 1 8
292	4 28 33 19
293	6 24 27 19
294	18 11 17 22
295	24 21 29 9
296	6 18 36 23
297	33 2 9 28
298	30 27 29 12
299	13 12 27 26
300	32 20 17 30
301	13 5 9 18
302	7 8 2 37
303	9 15 5 14
304	2 34 11 19
305	30 23 31 11
306	21 4 12 32
307	37 23 16 32
308	5 12 33 21
309	9 18 5 33
310	25 33 32 12
311	7 19 13 31
312	3 40 16 31
313	29 27 30 39
314	9 39 6 4
315	30 37 17 40
316	27 22 25 14
317	19 16 26 21
318	21 34 33 36
319	3 36 35 22
320	32 9 37 35
321	35 28 12 17
322	2 18 40 3
323	34 17 24 15
324	15 19 6 37
325	33 9 8 39
326	2 8 17 39
327	12 4 8 10
328	18 30 31 11
329	40 34 11 2
330	5 17 22 19
331	32 18 5 2
332	27 4 39 25
333	28 23 10 8
334	24 31 5 21
335	1 33 24 37
336	16 21 26 4
337	9 30 38 31
338	19 1 25 38
339	20 10 28 15
340	10 35 31 23
341	8 29 23 21
342	30 13 24 3
343	1 18 6 31
344	23 34 4 22
345	39 28 37 5
346	34 1 37 13
347	2 29 39 9
348	15 12 19 3
349	36 27 16 35
350	13 32 24 23
351	33 31 21 40
352	3 22 35 21
353	17 9 3 27
354	12 19 35 28
355	26 39 14 40
356	36 18 26 17
357	37 6 29 38
358	13 15 33 17
359	19 29 30 11
360	9 23 31 34
361	39 13 25 10
362	27 29 26 38
363	17 19 20 24
364	26 29 37 11
365	32 7 12 29
366	31 38 5 15
367	2 30 28 14
368	38 11 25 33
369	1 26 21 10
370	13 11 16 18
371	15 34 3 1
372	9 8 20 3
373	15 1 21 5
374	27 6 11 7
375	15 29 23 17
376	34 35 31 36
377	15 13 11 38
378	29 22 33 24
379	1 40 31 19
380	37 21 29 20
381	12 13 20 6
382	4 17 33 35
383	7 26 16 17
384	31 13 27 21
385	13 5 4 22
386	6 24 20 19
387	33 24 2 38
388	23 28 6 36
389	18 15 33 23
390	34 6 35 17
391	14 12 33 7
392	1 12 23 2
393	22 4 35 30
394	13 34 30 38
395	32 26 29 22
396	27 39 14 8
397	2 24 6 1
398	8 1 31 26
399	10 8 3 31
400	20 17 29 12
