Students	400
1	4 8 23 31
2	33 3 1 13
3	34 12 35 19
4	11 38 21 25
5	31 13 10 40
6	37 31 16 30
7	1 31 13 7
8	8 5 31 22
9	6 9 19 15
10	10 24 35 28
11	40 8 34 21
12	31 11 35 28
13	36 4 28 38
14	5 32 31 2
15	18 40 20 12
16	1 11 12 22
17	14 28 36 30
18	25 16 10 21
19	1 35 36 19
20	23 36 31 32
21	20 2 1 11
22	12 30 17 22
23	19 20 36 39
24	36 8 34 16
25	38 23 16 22
26	34 31 26 2
27	26 7 2 10
28	34 36 37 35
29	39 14 23 27
30	24 31 1 40
31	39 7 20 26
32	7 33 1 10
33	11 34 3 19
34	1 27 26 3
35	39 31 25 30
36	2 34 11 35
37	29 6 4 21
38	26 34 27 6
39	19 35 21 31
40	13 14 15 16
41	34 7 38 22
42	37 23 30 20
43	37 22 17 12
44	12 27 19 10
45	11 31 8 27
46	18 24 26 40
47	21 15 30 22
48	39 21 31 9
49	18 1 24 40
50	22 17 15 10
51	8 20 1 16
52	19 15 4 7
53	29 17 13 31
54	11 10 17 24
55	36 6 29 12
56	6 23 27 14
57	26 23 18 2
58	8 39 3 33
59	30 25 23 11
60	34 17 37 36
61	13 14 29 16
62	9 16 14 26
63	22 17 29 24
64	34 2 16 6
65	37 22 19 30
66	23 21 16 31
67	34 38 20 3
68	35 36 19 7
69	4 7 10 8
70	1 36 28 40
71	5 36 33 3
72	27 18 40 33
73	7 36 2 27
74	25 13 31 18
75	25 27 1 19
76	23 10 31 22
77	19 10 38 1
78	11 37 29 31
79	27 16 12 24
80	22 3 31 12
81	2 36 39 20
82	27 19 37 35
83	28 26 36 38
84	19 3 33 30
85	37 35 30 10
86	5 39 1 23
87	18 32 6 33
88	18 21 29 30
89	9 32 20 27
90	10 35 34 31
91	13 24 26 39
92	27 10 6 9
93	6 19 39 22
94	12 35 11 37
95	24 2 36 35
96	9 38 1 14
97	31 16 3 20
98	35 6 14 32
99	39 38 16 21
100	35 29 28 26
101	34 8 18 13
102	39 14 11 37
103	28 10 4 34
104	36 23 20 7
105	26 17 28 31
106	40 22 26 14
107	13 24 10 39
108	29 18 19 11
109	6 40 24 25
110	12 17 23 34
111	11 22 35 3
112	18 17 1 23
113	10 40 3 22
114	18 13 40 38
115	26 23 40 20
116	28 35 21 7
117	34 9 15 32
118	20 13 12 40
119	14 13 2 24
120	37 28 33 11
121	10 3 7 1
122	39 8 14 20
123	39 9 19 30
124	28 23 11 33
125	27 31 5 34
126	13 21 37 17
127	18 38 6 26
128	28 6 7 30
129	9 32 21 17
130	8 39 17 25
131	13 8 38 20
132	16 3 5 12
133	13 25 40 19
134	10 16 13 7
135	14 1 6 10
136	18 3 8 34
137	8 11 17 2
138	36 34 3 21
139	32 7 13 22
140	18 3 24 37
141	20 3 9 18
142	15 12 32 6
143	2 34 19 16
144	40 4 21 20
145	4 32 12 1
146	8 33 31 21
147	21 35 25 24
148	27 28 31 3
149	29 14 25 1
150	16 31 24 27
151	12 27 6 16
152	12 9 34 2
153	15 9 21 25
154	15 8 5 29
155	17 27 36 16
156	15 2 23 24
157	16 17 23 40
158	17 23 3 1
159	37 21 7 9
160	19 27 22 34
161	14 27 17 9
162	1 33 35 36
163	13 9 32 4
164	30 14 17 19
165	3 14 38 27
166	30 40 36 20
167	24 21 30 12
168	40 29 15 22
169	7 11 29 21
170	6 8 14 19
171	19 35 18 28
172	31 2 1 35
173	40 34 22 11
174	25 15 22 27
175	37 24 28 14
176	39 24 26 34
177	30 35 5 24
178	30 20 14 23
179	1 22 31 27
180	9 18 12 32
181	5 14 13 35
182	35 11 1 9
183	12 1 36 5
184	4 32 24 38
185	16 33 35 38
186	13 17 22 26
187	18 2 35 7
188	26 28 20 9
189	34 3 11 1
190	31 29 5 19
191	29 12 23 36
192	17 23 36 8
193	20 9 38 23
194	7 10 27 22
195	12 14 18 4
196	28 14 17 27
197	19 27 20 21
198	6 23 15 1
199	24 11 1 26
200	28 5 33 29
201	33 22 15 38
202	4 16 32 21
203	4 7 35 31
204	33 27 15 19
205	17 32 13 11
206	16 9 28 13
207	18 35 4 10
208	33 21 24 5
209	40 14 32 38
210	28 36 21 4
211	9 18 40 11
212	10 36 37 19
213	6 24 22 34
214	39 6 1 32
215	27 13 6 38
216	39 6 31 34
217	17 35 15 7
218	20 28 14 29
219	27 34 22 13
220	8 40 10 32
221	15 38 22 24
222	25 6 27 9
223	28 23 37 24
224	12 8 15 22
225	19 20 6 21
226	17 15 7 38
227	21 31 11 25
228	31 17 36 22
229	28 20 40 9
230	39 40 20 9
231	34 21 8 38
232	31 40 3 9
233	34 22 35 36
234	18 26 4 9
235	6 11 20 36
236	31 39 4 17
237	11 3 7 5
238	38 37 9 21
239	5 33 22 21
240	32 9 25 6
241	30 19 10 29
242	17 16 5 14
243	37 21 22 24
244	7 32 21 38
245	5 12 36 3
246	40 20 36 22
247	1 10 18 7
248	33 38 7 25
249	4 12 7 35
250	4 27 36 5
251	10 14 32 20
252	9 21 36 27
253	9 8 1 26
254	21 36 6 10
255	11 29 2 5
256	37 27 6 38
257	34 25 21 35
258	11 24 27 18
259	13 20 10 18
260	16 30 3 22
261	24 39 34 21
262	30 7 23 10
263	2 40 9 11
264	5 21 9 12
265	23 36 37 28
266	29 28 2 31
267	1 13 3 12
268	1 32 37 7
269	27 33 31 34
270	10 13 4 12
271	18 40 1 26
272	40 7 23 36
273	32 36 2 4
274	37 29 9 10
275	5 18 11 29
276	11 6 29 38
277	36 28 31 32
278	15 37 22 12
279	33 39 9 26
280	20 10 37 22
281	32 34 14 7
282	35 39 28 3
283	34 39 33 37
284	24 31 27 10
285	15 4 17 1
286	29 10 2 4
287	21 3 14 39
288	39 16 12 22
289	26 35 21 9
290	14 38 7 32
291	40 11 30 5
292	12 29 4 30
293	5 36 11 23
294	10 20 2 4
295	39 33 34 20
296	17 9 23 8
297	32 18 20 3
298	19 24 21 28
299	23 24 4 31
300	37 32 36 26
301	2 23 21 5
302	25 5 20 16
303	33 10 39 9
304	18 25 4 9
305	3 29 26 39
306	39 5 23 33
307	34 40 2 16
308	16 28 8 27
309	19 4 8 33
310	9 27 39 21
311	24 4 12 19
312	37 19 7 20
313	20 3 32 19
314	27 7 9 26
315	1 11 38 31
316	11 32 18 12
317	26 18 34 32
318	24 5 2 14
319	30 7 16 27
320	23 14 27 28
321	36 1 9 4
322	14 30 11 19
323	18 32 23 35
324	22 26 20 38
325	17 13 11 30
326	19 7 12 26
327	12 33 39 21
328	1 39 17 40
329	35 12 18 20
330	31 37 13 16
331	15 29 23 7
332	16 7 39 3
333	34 26 27 40
334	5 18 4 38
335	30 22 39 37
336	28 8 3 39
337	31 12 1 19
338	9 40 32 4
339	17 33 2 31
340	34 29 17 31
341	11 30 27 33
342	12 17 19 25
343	40 21 20 7
344	16 21 28 15
345	22 38 34 21
346	25 11 32 27
347	7 1 28 27
348	5 23 2 17
349	20 35 39 23
350	7 14 11 40
351	33 6 20 31
352	30 4 20 10
353	9 23 21 28
354	14 18 26 23
355	21 9 1 26
356	38 25 6 14
357	16 32 3 17
358	32 4 5 38
359	11 35 16 36
360	40 9 23 18
361	13 19 18 25
362	40 18 4 1
363	30 40 27 17
364	9 24 33 11
365	8 30 19 15
366	10 20 6 22
367	11 2 1 20
368	17 23 6 24
369	16 14 26 2
370	3 38 28 20
371	5 15 16 6
372	13 28 33 36
373	10 5 34 15
374	21 7 15 17
375	11 24 9 37
376	11 38 8 3
377	5 28 21 38
378	4 40 7 6
379	3 21 25 6
380	34 36 24 38
381	1 34 27 36
382	20 29 16 11
383	36 31 13 37
384	16 9 7 32
385	40 23 9 28
386	29 3 21 7
387	39 3 2 35
388	1 3 9 36
389	16 34 26 12
390	30 25 31 18
391	22 11 13 29
392	3 1 2 14
393	24 5 32 17
394	7 1 24 40
395	23 3 8 21
396	17 5 22 26
397	12 6 31 24
398	35 10 8 18
399	28 5 11 23
400	33 14 35 21
