Students	100
1	14 4 20 10
2	18 1 19 5
3	9 15 2 19
4	19 6 17 2
5	14 2 7 10
6	1 12 7 8
7	18 8 6 12
8	7 2 15 11
9	6 13 16 3
10	3 4 17 20
11	17 16 11 2
12	4 20 18 7
13	14 17 10 16
14	10 19 11 9
15	15 17 20 18
16	16 9 10 15
17	18 20 6 8
18	17 16 11 4
19	7 1 18 15
20	11 2 7 14
21	13 3 4 5
22	17 14 16 15
23	17 12 3 20
24	6 20 16 12
25	10 8 3 5
26	3 9 4 20
27	19 17 20 5
28	17 1 2 18
29	2 4 19 13
30	15 4 20 9
31	5 9 15 3
32	1 13 3 19
33	12 11 8 17
34	6 19 4 1
35	18 2 5 16
36	3 20 4 12
37	12 1 15 3
38	14 1 20 8
39	10 8 4 5
40	13 8 10 19
41	16 2 18 4
42	19 11 14 6
43	13 14 9 7
44	9 6 20 3
45	14 7 16 13
46	4 20 14 3
47	8 20 14 10
48	18 1 6 12
49	1 10 6 16
50	20 8 11 7
51	7 11 8 13
52	4 10 7 13
53	17 3 18 8
54	20 9 12 10
55	19 15 6 11
56	5 1 19 4
57	18 2 13 6
58	7 13 2 14
59	2 3 5 12
60	11 2 7 4
61	5 19 20 4
62	3 6 10 14
63	4 6 10 15
64	15 18 10 4
65	16 10 18 20
66	14 9 20 1
67	8 18 4 17
68	1 11 9 13
69	1 9 17 12
70	14 8 17 1
71	6 18 12 4
72	18 7 4 15
73	13 5 10 15
74	14 15 3 19
75	5 17 16 1
76	16 17 10 7
77	9 20 12 17
78	3 2 20 10
79	5 9 17 13
80	3 9 6 19
81	17 19 7 4
82	10 4 7 8
83	2 20 17 7
84	12 3 5 15
85	3 8 9 2
86	2 6 7 15
87	5 11 13 2
88	4 10 3 19
89	15 5 8 13
90	19 4 7 16
91	20 12 11 15
92	15 11 1 6
93	20 17 12 5
94	3 4 13 16
95	8 19 7 1
96	12 6 1 7
97	6 19 15 5
98	6 1 8 18
99	18 3 20 13
100	20 10 14 9
