Students	100
1	20 1 13 14
2	13 17 14 12
3	13 5 3 15
4	16 1 4 9
5	8 7 9 3
6	2 12 1 5
7	13 15 14 18
8	16 18 19 6
9	7 14 1 11
10	12 16 2 4
11	17 1 6 18
12	12 8 5 6
13	15 20 18 7
14	5 15 20 6
15	17 11 9 3
16	5 6 12 15
17	1 19 7 11
18	11 2 1 13
19	7 4 15 5
20	10 2 17 18
21	20 9 10 11
22	13 5 9 8
23	17 4 19 3
24	8 6 13 14
25	9 10 1 17
26	17 11 9 14
27	16 5 20 7
28	7 19 14 6
29	16 1 15 17
30	4 20 6 19
31	14 16 10 9
32	3 15 2 5
33	4 14 9 19
34	6 12 4 10
35	15 12 1 6
36	4 8 20 14
37	7 16 5 3
38	10 9 17 15
39	17 6 1 4
40	16 10 5 11
41	7 15 10 11
42	3 11 10 6
43	5 3 19 18
44	9 19 4 10
45	2 14 7 20
46	6 4 13 20
47	15 20 12 8
48	12 7 16 15
49	6 18 11 15
50	3 18 16 10
51	9 13 2 15
52	1 18 11 5
53	8 18 7 4
54	6 12 10 2
55	12 20 11 5
56	7 6 12 14
57	2 11 13 1
58	13 14 7 18
59	20 7 6 18
60	6 1 7 9
61	14 11 9 18
62	13 8 9 4
63	4 9 20 6
64	4 3 9 12
65	14 6 2 1
66	18 17 13 1
67	12 20 9 6
68	11 2 13 19
69	2 8 16 19
70	11 20 4 5
71	18 20 11 14
72	12 6 11 2
73	1 15 4 20
74	15 2 18 11
75	20 6 9 18
76	17 8 11 7
77	4 11 14 16
78	9 19 14 2
79	19 12 15 17
80	8 15 3 2
81	6 11 5 19
82	20 13 16 8
83	20 11 19 9
84	5 18 8 7
85	17 5 4 1
86	10 14 13 5
87	1 17 11 10
88	9 5 20 11
89	13 10 16 15
90	18 1 16 4
91	1 10 15 6
92	3 17 16 11
93	18 15 2 7
94	11 10 6 12
95	19 16 2 5
96	11 3 15 2
97	11 19 9 12
98	19 8 5 7
99	11 18 2 1
100	9 13 15 7
