Students	100
1	12 8 3 13
2	10 2 12 7
3	3 6 16 9
4	12 14 7 9
5	7 11 12 13
6	8 7 9 10
7	10 8 4 12
8	5 18 13 7
9	6 13 1 5
10	4 20 18 11
11	13 5 10 11
12	15 16 2 11
13	9 20 18 19
14	3 12 1 8
15	18 6 11 1
16	11 8 12 5
17	12 13 8 7
18	20 14 5 7
19	15 20 8 7
20	17 12 9 16
21	8 18 3 6
22	7 11 4 9
23	11 13 19 12
24	15 16 19 5
25	15 11 13 9
26	6 7 9 16
27	2 20 3 7
28	13 3 9 6
29	11 17 19 1
30	5 4 18 12
31	4 3 17 11
32	9 3 15 8
33	14 2 16 18
34	4 15 7 14
35	4 10 8 13
36	20 6 12 5
37	7 17 18 16
38	13 20 6 4
39	8 6 13 12
40	1 17 16 19
41	20 3 1 19
42	4 9 10 11
43	14 11 10 12
44	17 14 3 7
45	6 9 8 14
46	2 3 18 13
47	3 5 10 11
48	17 1 12 9
49	17 6 2 7
50	5 14 6 10
51	18 4 6 10
52	4 10 8 7
53	9 12 1 8
54	18 14 13 20
55	7 6 2 10
56	15 8 12 3
57	10 17 20 4
58	1 16 7 2
59	5 4 13 15
60	16 2 20 1
61	6 4 13 20
62	14 13 11 3
63	12 13 6 17
64	4 14 13 9
65	16 9 11 5
66	15 12 10 19
67	13 16 17 14
68	14 17 3 16
69	11 12 6 13
70	14 13 6 20
71	11 16 15 18
72	10 2 6 11
73	6 1 16 20
74	10 13 2 5
75	17 7 3 19
76	12 17 9 16
77	9 5 19 16
78	13 5 11 15
79	20 9 3 17
80	19 5 13 8
81	1 8 11 6
82	8 10 19 1
83	11 12 18 2
84	16 14 15 12
85	20 10 2 18
86	15 18 4 10
87	17 15 10 18
88	15 4 16 9
89	20 19 17 13
90	11 19 14 17
91	12 18 9 5
92	20 7 16 18
93	10 1 18 9
94	11 7 15 17
95	10 6 5 12
96	3 10 5 2
97	16 18 8 15
98	18 19 7 11
99	3 12 11 10
100	12 15 2 5
