Students	100
1	9 4 17 8
2	11 9 16 20
3	19 16 9 13
4	19 16 4 11
5	18 20 6 14
6	15 20 6 17
7	1 3 9 5
8	6 9 2 16
9	3 9 14 6
10	20 13 9 5
11	18 8 7 2
12	18 4 15 6
13	17 9 8 12
14	13 11 9 18
15	5 8 13 4
16	14 12 20 1
17	18 19 9 3
18	1 11 4 2
19	9 19 17 11
20	13 4 18 6
21	3 16 19 13
22	13 7 17 14
23	20 2 5 10
24	16 1 10 3
25	15 12 8 20
26	16 3 7 20
27	10 3 7 15
28	16 4 11 18
29	5 8 16 17
30	6 5 4 8
31	16 15 9 1
32	17 15 20 19
33	19 20 6 12
34	12 1 4 9
35	4 8 2 13
36	13 14 2 20
37	11 13 16 12
38	14 12 10 18
39	9 11 5 8
40	14 8 3 17
41	20 19 4 15
42	7 6 1 11
43	11 8 19 5
44	17 19 14 11
45	10 7 17 15
46	16 3 2 9
47	9 14 15 7
48	13 19 11 9
49	16 1 19 15
50	2 15 11 1
51	2 15 9 14
52	20 16 5 14
53	20 17 18 15
54	11 7 3 1
55	13 2 20 14
56	4 1 16 9
57	11 10 19 13
58	9 6 17 11
59	6 14 18 7
60	18 16 3 7
61	15 9 18 20
62	6 11 5 2
63	20 3 2 13
64	7 12 16 20
65	3 16 10 8
66	2 18 13 5
67	6 12 5 15
68	6 8 12 1
69	4 3 2 10
70	19 6 7 5
71	11 16 1 18
72	12 4 18 14
73	4 1 17 5
74	5 18 17 3
75	4 3 6 5
76	13 6 14 1
77	11 7 10 20
78	9 15 14 5
79	15 10 5 1
80	16 18 12 13
81	2 18 16 1
82	5 17 18 16
83	1 5 3 17
84	2 17 19 20
85	16 4 19 11
86	5 13 6 4
87	7 9 12 19
88	5 8 2 4
89	5 10 1 17
90	9 18 16 3
91	12 19 11 5
92	16 10 19 11
93	15 17 2 14
94	20 2 11 1
95	20 9 15 10
96	8 19 15 17
97	17 1 13 5
98	13 4 5 20
99	13 5 7 4
100	16 1 7 4
