Students	100
1	3 18 19 1
2	17 10 12 14
3	1 2 5 17
4	17 5 13 2
5	11 18 14 3
6	15 4 14 13
7	8 13 2 9
8	18 10 4 19
9	7 18 9 10
10	15 14 3 18
11	14 17 19 5
12	10 19 18 1
13	14 8 7 20
14	15 20 14 11
15	7 4 2 16
16	11 10 18 15
17	13 6 8 14
18	13 10 18 14
19	12 4 15 17
20	15 16 8 11
21	19 17 15 14
22	8 9 2 3
23	16 7 10 14
24	12 15 19 10
25	13 12 1 2
26	14 5 13 19
27	16 4 14 3
28	17 6 16 14
29	1 3 10 18
30	4 20 17 10
31	7 6 16 14
32	14 9 10 2
33	2 12 4 9
34	2 19 16 10
35	8 3 19 4
36	6 9 4 3
37	20 3 10 11
38	10 11 6 15
39	5 18 4 3
40	15 13 4 17
41	18 20 3 15
42	6 17 10 5
43	19 16 18 14
44	19 13 7 20
45	5 12 6 4
46	8 12 11 17
47	17 20 6 12
48	3 19 1 9
49	1 3 10 5
50	6 15 2 4
51	16 5 3 15
52	2 14 15 6
53	4 5 16 2
54	10 16 5 17
55	15 9 2 16
56	9 5 8 19
57	1 14 12 9
58	20 12 5 2
59	13 5 11 9
60	8 10 3 16
61	5 3 2 17
62	16 10 6 7
63	8 20 17 14
64	17 1 18 6
65	19 15 20 9
66	1 6 11 8
67	7 17 5 11
68	5 14 11 7
69	16 12 11 17
70	12 17 9 11
71	7 17 4 8
72	10 8 14 9
73	4 11 2 18
74	19 15 18 12
75	15 20 4 2
76	9 8 7 10
77	6 15 12 10
78	10 16 2 4
79	18 6 10 7
80	18 16 4 15
81	16 2 7 19
82	20 1 3 9
83	6 20 9 18
84	12 14 3 8
85	19 7 11 16
86	7 2 18 11
87	5 6 18 16
88	2 16 6 13
89	1 18 2 17
90	19 4 11 13
91	17 15 19 4
92	6 20 15 7
93	14 12 17 11
94	17 16 3 15
95	3 4 10 20
96	2 12 8 16
97	2 15 8 20
98	15 14 20 13
99	9 14 19 6
100	8 3 9 2
