Students	200
1	11 14 23 6
2	40 28 38 33
3	12 33 9 29
4	32 17 11 33
5	35 19 14 17
6	39 5 14 15
7	40 9 17 38
8	12 14 29 1
9	38 4 34 5
10	12 39 36 3
11	19 40 30 36
12	14 33 1 29
13	9 30 21 34
14	20 10 31 33
15	1 30 16 7
16	28 22 7 17
17	28 3 19 5
18	8 9 14 29
19	1 8 12 18
20	1 10 15 28
21	40 3 20 4
22	32 29 6 13
23	1 21 31 18
24	39 38 6 5
25	39 33 32 34
26	23 15 26 16
27	40 6 7 20
28	6 38 11 39
29	21 35 8 34
30	7 24 19 28
31	26 13 32 11
32	29 10 33 25
33	39 10 3 12
34	14 23 25 13
35	30 4 31 8
36	10 25 34 27
37	6 11 33 22
38	3 14 19 22
39	36 20 1 27
40	37 35 24 40
41	34 31 15 22
42	26 29 17 19
43	38 32 39 26
44	25 39 26 15
45	33 22 30 5
46	11 28 2 39
47	29 15 5 27
48	28 23 12 24
49	29 2 20 10
50	1 29 25 4
51	27 35 40 24
52	19 32 37 17
53	27 24 3 32
54	3 39 12 9
55	7 29 11 33
56	39 20 17 22
57	39 15 10 12
58	18 33 38 32
59	40 21 28 12
60	40 26 38 23
61	12 23 18 34
62	15 3 24 22
63	22 8 5 6
64	6 23 21 4
65	16 3 34 40
66	28 12 15 18
67	20 5 33 2
68	38 3 2 40
69	1 10 33 34
70	33 30 38 39
71	34 40 12 13
72	40 17 35 3
73	21 11 5 25
74	30 7 35 17
75	18 25 34 30
76	37 2 23 32
77	22 38 4 7
78	5 17 1 18
79	18 3 25 1
80	7 14 39 17
81	8 1 39 20
82	15 38 4 19
83	7 30 24 29
84	22 8 36 5
85	28 21 26 17
86	32 6 11 38
87	4 30 7 39
88	5 23 31 8
89	11 33 40 26
90	9 1 15 13
91	25 12 35 15
92	16 32 33 9
93	21 39 30 11
94	3 17 22 2
95	2 17 34 9
96	13 19 24 20
97	21 26 38 39
98	39 19 12 31
99	17 20 35 39
100	11 12 27 18
101	25 1 31 11
102	29 15 24 38
103	21 2 11 30
104	20 24 7 18
105	24 21 22 4
106	25 3 23 16
107	11 4 23 38
108	14 22 18 4
109	9 27 8 35
110	18 12 16 31
111	2 6 22 16
112	16 40 4 7
113	33 37 22 9
114	25 32 4 2
115	27 9 1 25
116	7 24 18 34
117	5 18 15 34
118	9 18 6 16
119	25 19 32 21
120	21 11 9 28
121	16 35 9 39
122	31 33 25 36
123	29 8 10 24
124	15 6 7 4
125	32 12 33 24
126	8 36 11 32
127	8 6 34 5
128	31 26 15 40
129	12 22 10 8
130	11 34 25 40
131	29 21 23 26
132	34 37 18 9
133	10 38 40 19
134	40 34 32 24
135	38 18 27 33
136	12 30 32 16
137	31 35 25 33
138	11 8 13 1
139	33 25 14 16
140	23 13 11 34
141	9 21 7 15
142	28 16 8 38
143	34 20 22 8
144	31 33 26 27
145	27 22 29 28
146	31 4 38 23
147	18 2 22 14
148	10 13 6 7
149	37 40 14 17
150	22 1 39 11
151	27 13 11 29
152	18 32 4 31
153	2 35 12 33
154	22 21 26 39
155	28 40 19 7
156	35 15 10 9
157	15 40 3 38
158	19 13 6 8
159	39 28 2 27
160	6 29 3 23
161	7 17 6 18
162	31 11 5 21
163	25 27 12 31
164	17 26 16 33
165	12 24 6 16
166	20 9 19 5
167	17 33 24 4
168	39 15 34 13
169	3 28 33 19
170	25 6 28 22
171	13 26 3 22
172	40 38 34 30
173	35 36 29 39
174	30 19 20 28
175	12 22 3 20
176	29 23 9 38
177	38 28 33 7
178	28 15 6 24
179	13 39 31 27
180	23 6 22 4
181	2 34 35 26
182	31 14 35 11
183	22 26 31 24
184	12 18 40 9
185	17 11 13 40
186	24 6 22 32
187	3 17 34 36
188	22 4 26 10
189	38 11 36 3
190	19 1 3 16
191	16 28 2 13
192	33 22 26 14
193	24 36 11 37
194	28 24 38 15
195	2 23 13 25
196	3 6 14 24
197	17 15 2 8
198	5 25 1 33
199	17 9 22 27
200	25 27 1 7
