Students	200
1	14 28 39 24
2	19 8 13 33
3	27 15 5 6
4	16 7 25 39
5	21 4 37 20
6	7 4 12 18
7	19 24 38 37
8	2 40 32 9
9	21 18 22 7
10	7 6 38 24
11	11 1 30 26
12	40 33 12 23
13	23 22 26 11
14	22 34 33 17
15	39 15 40 28
16	40 28 19 37
17	39 28 22 21
18	24 40 10 30
19	20 24 19 17
20	22 10 16 30
21	33 35 19 3
22	16 24 19 17
23	11 39 18 38
24	9 21 39 3
25	8 30 31 18
26	11 26 18 13
27	10 8 25 37
28	9 16 29 33
29	11 35 7 10
30	38 9 22 24
31	24 40 18 32
32	23 4 1 39
33	25 2 36 7
34	14 30 9 25
35	4 39 21 10
36	39 16 32 23
37	29 31 39 1
38	24 6 35 1
39	4 38 36 6
40	30 39 29 14
41	40 34 33 38
42	1 12 21 25
43	29 31 8 35
44	21 23 29 4
45	3 15 39 14
46	21 23 28 11
47	35 32 20 37
48	22 34 11 10
49	2 13 38 33
50	9 32 40 11
51	11 33 36 22
52	17 39 35 34
53	17 40 13 11
54	16 33 6 8
55	34 20 13 33
56	29 34 39 27
57	32 33 11 28
58	9 22 29 6
59	12 24 17 23
60	22 2 20 18
61	28 29 36 32
62	38 30 25 1
63	25 9 29 14
64	39 28 27 18
65	16 1 33 21
66	15 5 24 6
67	30 39 18 19
68	20 6 36 38
69	18 15 21 13
70	15 30 6 23
71	20 23 36 12
72	10 29 38 32
73	29 7 15 34
74	34 15 21 28
75	37 38 28 17
76	36 29 6 27
77	21 3 28 30
78	28 27 7 25
79	4 6 7 11
80	33 11 39 14
81	31 22 2 10
82	20 18 19 26
83	15 27 23 31
84	12 27 31 22
85	11 9 38 33
86	17 27 10 26
87	35 8 26 22
88	33 15 25 6
89	27 21 31 15
90	27 16 34 10
91	27 1 37 12
92	10 24 21 39
93	15 37 1 35
94	9 8 1 38
95	22 13 27 9
96	26 24 33 30
97	2 18 14 19
98	17 28 3 39
99	8 34 27 20
100	36 18 10 8
101	32 13 35 11
102	20 18 22 17
103	27 1 25 20
104	38 28 6 26
105	5 18 17 11
106	30 4 37 10
107	28 40 4 12
108	9 2 26 30
109	23 36 17 1
110	19 1 17 39
111	12 35 29 30
112	21 39 11 36
113	28 7 26 15
114	15 1 17 6
115	34 17 23 20
116	8 1 25 26
117	18 26 40 7
118	32 24 12 9
119	24 4 3 31
120	1 20 2 7
121	34 12 22 36
122	32 34 26 12
123	4 32 12 33
124	14 6 32 29
125	5 12 36 22
126	34 40 16 7
127	22 17 33 35
128	29 40 20 6
129	18 6 27 31
130	7 4 3 13
131	2 24 19 36
132	27 21 28 35
133	2 36 14 8
134	31 20 37 7
135	40 39 16 32
136	17 39 2 13
137	31 17 28 24
138	6 38 7 9
139	9 8 24 17
140	37 1 14 19
141	34 14 35 20
142	38 11 39 23
143	32 35 30 23
144	29 2 9 21
145	17 29 33 28
146	33 7 8 32
147	15 24 33 9
148	37 22 16 20
149	8 26 36 14
150	34 32 24 27
151	36 15 21 31
152	36 1 16 20
153	2 37 20 17
154	8 15 34 20
155	22 7 1 28
156	5 6 14 8
157	11 3 7 39
158	11 24 7 17
159	17 15 40 22
160	36 33 2 26
161	29 14 31 34
162	38 28 20 29
163	38 6 1 26
164	21 17 24 18
165	17 33 16 36
166	2 39 38 14
167	3 13 40 1
168	11 5 30 22
169	22 19 15 27
170	23 24 17 20
171	27 39 16 37
172	7 33 11 38
173	26 3 6 8
174	4 5 27 36
175	28 13 19 7
176	21 19 7 36
177	15 11 5 21
178	12 23 3 35
179	34 15 32 29
180	35 11 9 31
181	12 4 20 39
182	23 5 25 12
183	21 24 7 20
184	18 37 23 12
185	27 31 37 17
186	18 26 13 38
187	13 19 16 4
188	18 20 34 15
189	20 19 2 10
190	12 28 9 27
191	16 8 13 27
192	15 34 30 19
193	39 28 4 3
194	10 40 34 27
195	15 11 32 7
196	12 8 38 14
197	12 17 23 10
198	37 5 16 13
199	15 18 28 38
200	29 14 22 18
