Students	200
1	26 34 25 14
2	38 12 14 7
3	32 21 3 19
4	33 21 23 24
5	27 31 33 20
6	9 20 13 7
7	16 31 23 13
8	20 28 23 3
9	33 32 1 23
10	8 24 28 3
11	7 39 4 18
12	11 14 13 40
13	30 14 13 1
14	15 24 5 27
15	16 8 27 23
16	34 20 14 9
17	30 17 27 23
18	30 26 6 16
19	27 7 31 34
20	26 40 29 34
21	13 30 10 31
22	2 29 32 4
23	22 38 32 21
24	17 21 39 34
25	15 8 39 1
26	40 22 8 26
27	12 32 8 36
28	10 23 12 36
29	32 18 19 1
30	25 1 10 9
31	25 26 6 17
32	39 11 32 20
33	21 25 31 20
34	19 38 9 7
35	32 10 28 29
36	15 13 24 11
37	24 15 23 17
38	21 24 31 36
39	31 34 26 39
40	28 29 13 17
41	26 1 33 10
42	5 39 11 2
43	10 37 33 21
44	22 2 9 1
45	29 32 8 31
46	21 22 13 34
47	29 7 13 18
48	22 34 7 2
49	3 33 4 28
50	10 2 39 8
51	17 32 16 7
52	20 32 38 37
53	9 1 7 17
54	34 30 23 19
55	12 15 8 35
56	2 36 4 29
57	1 33 10 11
58	26 34 12 13
59	32 16 35 14
60	19 3 13 12
61	7 39 34 21
62	5 18 7 16
63	13 34 7 24
64	10 40 8 3
65	28 39 8 27
66	40 39 38 4
67	17 13 16 20
68	34 4 21 31
69	31 5 23 15
70	34 10 35 28
71	13 20 9 7
72	15 2 11 16
73	25 13 20 3
74	31 23 7 13
75	31 5 18 34
76	14 20 38 9
77	6 14 16 18
78	34 13 39 24
79	34 15 13 31
80	11 26 12 4
81	24 26 2 38
82	39 13 17 33
83	8 23 28 38
84	20 33 21 36
85	11 36 1 32
86	31 16 26 9
87	39 34 40 33
88	35 9 32 40
89	24 14 19 18
90	37 28 2 5
91	29 9 37 1
92	32 9 26 23
93	23 15 24 28
94	2 26 36 16
95	33 9 8 3
96	9 6 19 12
97	23 36 31 19
98	40 22 7 4
99	29 15 36 10
100	10 40 9 30
101	16 1 37 25
102	19 25 5 24
103	1 7 20 27
104	9 1 8 35
105	26 5 25 12
106	34 30 26 21
107	21 35 38 9
108	12 38 18 30
109	22 34 21 39
110	30 16 4 34
111	4 37 6 18
112	37 33 15 12
113	8 38 40 23
114	23 34 30 13
115	35 30 34 17
116	8 24 19 32
117	28 8 6 17
118	18 20 13 14
119	30 36 11 39
120	32 28 22 26
121	21 30 10 27
122	26 14 32 30
123	12 33 25 26
124	28 21 25 4
125	18 33 38 21
126	27 24 29 40
127	15 30 19 12
128	24 39 14 2
129	13 20 32 27
130	7 14 33 3
131	40 15 4 32
132	8 38 6 23
133	36 40 23 27
134	3 13 29 5
135	16 33 7 22
136	24 26 1 32
137	12 9 7 40
138	14 25 15 7
139	2 8 13 20
140	20 16 38 26
141	19 18 17 9
142	14 25 6 19
143	22 23 11 39
144	40 20 26 39
145	36 32 9 12
146	4 3 14 16
147	2 26 37 25
148	14 39 40 6
149	35 8 6 17
150	28 39 15 1
151	31 29 36 4
152	10 20 1 6
153	35 9 24 33
154	24 23 28 14
155	23 18 31 21
156	7 39 28 26
157	38 37 24 4
158	16 23 1 7
159	13 30 6 20
160	31 35 11 27
161	18 36 24 7
162	6 39 21 35
163	19 2 24 25
164	1 38 19 32
165	30 29 19 40
166	17 40 28 36
167	18 34 12 36
168	4 29 30 22
169	6 21 22 33
170	33 22 24 13
171	36 15 3 12
172	27 23 32 31
173	17 39 8 12
174	38 17 10 34
175	5 23 8 3
176	30 32 23 6
177	1 9 27 22
178	36 22 11 24
179	37 24 38 11
180	21 5 15 38
181	33 28 35 32
182	25 40 16 3
183	26 27 12 34
184	4 23 1 35
185	31 3 20 17
186	6 16 11 7
187	39 37 16 36
188	30 1 33 35
189	13 19 23 20
190	35 38 1 24
191	3 39 33 25
192	35 27 26 20
193	5 36 35 33
194	28 9 13 3
195	15 38 19 17
196	16 7 31 30
197	33 5 2 7
198	9 5 40 32
199	4 30 37 21
200	1 16 18 11
