Students	200
1	30 5 6 29
2	28 31 1 3
3	18 8 13 16
4	26 5 38 10
5	21 30 18 12
6	19 28 10 20
7	19 1 33 6
8	11 22 3 34
9	19 27 26 11
10	22 37 14 28
11	9 3 22 13
12	9 21 26 28
13	11 23 38 5
14	31 30 16 4
15	14 24 25 2
16	18 35 8 6
17	13 27 14 30
18	9 1 10 7
19	30 4 20 9
20	18 22 10 38
21	39 17 36 30
22	1 27 6 38
23	1 16 32 40
24	3 16 9 33
25	19 39 3 10
26	8 32 19 36
27	33 40 32 37
28	30 6 8 39
29	16 8 37 6
30	35 12 40 21
31	9 19 10 3
32	32 22 2 13
33	31 3 20 18
34	14 33 23 21
35	15 33 2 12
36	15 40 39 19
37	25 14 13 4
38	28 13 38 26
39	29 33 24 36
40	8 11 2 3
41	29 12 2 6
42	9 13 26 39
43	14 15 13 38
44	35 3 6 13
45	27 14 35 1
46	30 21 10 40
47	23 22 37 3
48	33 22 26 25
49	33 8 4 36
50	7 25 20 34
51	11 9 15 26
52	26 37 22 14
53	3 15 36 6
54	24 29 28 1
55	13 9 15 21
56	20 28 16 2
57	19 30 4 33
58	37 18 33 17
59	4 38 34 25
60	27 11 38 15
61	38 6 16 19
62	13 16 12 4
63	6 14 19 8
64	34 37 32 35
65	18 37 24 6
66	25 40 15 4
67	31 40 3 11
68	30 29 11 5
69	33 27 17 16
70	10 4 26 32
71	15 11 27 23
72	35 12 14 31
73	14 11 1 31
74	17 36 3 25
75	38 17 22 18
76	33 9 6 11
77	12 14 25 9
78	35 37 9 32
79	35 37 13 20
80	22 16 29 27
81	10 17 5 18
82	16 1 8 13
83	34 9 17 4
84	33 35 13 20
85	20 5 30 11
86	6 12 13 4
87	25 33 4 14
88	37 19 15 4
89	26 12 20 18
90	25 28 36 6
91	35 16 20 10
92	2 34 26 8
93	27 32 7 9
94	26 40 33 7
95	26 3 17 36
96	11 38 18 33
97	29 13 32 30
98	11 30 40 22
99	35 8 36 1
100	26 8 14 29
101	18 25 38 6
102	1 15 24 25
103	32 16 21 27
104	5 7 20 1
105	34 18 26 33
106	12 34 9 26
107	21 28 10 27
108	32 30 24 33
109	23 35 1 6
110	29 18 38 34
111	18 15 16 21
112	32 29 14 28
113	27 1 12 39
114	11 36 23 22
115	29 37 22 32
116	35 24 4 16
117	32 19 20 13
118	23 22 4 40
119	7 1 21 3
120	31 24 35 15
121	40 28 31 24
122	5 6 36 35
123	31 5 36 13
124	1 20 34 30
125	22 23 31 9
126	4 8 21 22
127	24 32 29 16
128	38 20 40 13
129	5 29 16 3
130	5 39 25 28
131	25 13 36 9
132	21 27 31 15
133	27 23 26 29
134	4 31 10 24
135	18 15 33 24
136	4 16 33 1
137	14 9 20 26
138	9 32 15 5
139	23 16 36 3
140	16 29 10 18
141	13 36 14 19
142	36 31 7 35
143	39 21 27 7
144	19 14 21 17
145	18 9 38 17
146	17 12 31 28
147	6 14 3 9
148	7 17 26 28
149	13 16 32 2
150	8 24 17 36
151	37 29 32 18
152	14 30 3 40
153	11 24 1 22
154	24 15 17 40
155	34 25 13 6
156	17 35 5 32
157	22 27 30 16
158	12 30 40 28
159	17 32 33 28
160	28 39 2 35
161	34 7 1 33
162	17 20 6 24
163	7 18 11 40
164	20 34 16 23
165	37 7 32 18
166	22 25 1 16
167	21 5 24 2
168	25 11 36 32
169	37 20 26 39
170	13 21 25 14
171	28 38 15 16
172	15 35 32 17
173	13 15 3 16
174	7 38 2 5
175	37 34 13 29
176	14 38 34 25
177	5 34 14 1
178	13 37 32 20
179	16 34 32 8
180	13 24 30 22
181	38 1 11 40
182	23 11 5 10
183	40 38 17 8
184	19 27 30 40
185	10 22 23 28
186	37 35 14 7
187	3 8 21 22
188	17 16 11 1
189	25 10 39 34
190	4 36 22 30
191	34 10 29 12
192	40 6 24 18
193	20 22 15 24
194	29 1 26 5
195	21 39 24 17
196	20 22 37 5
197	32 24 23 40
198	39 15 26 22
199	20 18 16 25
200	34 18 23 7
