Students	200
1	16 7 9 19
2	14 3 39 9
3	19 9 29 23
4	5 35 33 22
5	5 39 4 8
6	16 9 14 17
7	32 20 24 23
8	35 39 40 5
9	12 23 20 28
10	19 6 7 25
11	33 30 27 17
12	28 36 11 20
13	15 6 13 7
14	20 8 17 13
15	36 9 24 15
16	7 24 40 31
17	29 39 25 24
18	8 33 1 37
19	1 34 12 32
20	34 22 13 2
21	10 34 12 33
22	39 11 40 28
23	24 11 33 2
24	21 3 9 28
25	15 35 2 28
26	20 10 12 30
27	3 21 14 27
28	34 27 26 36
29	19 5 11 8
30	26 7 2 29
31	19 15 20 10
32	7 15 35 27
33	32 30 17 29
34	9 21 22 10
35	22 36 31 27
36	27 37 21 13
37	20 34 13 29
38	25 10 28 2
39	20 14 30 12
40	31 40 24 14
41	2 16 15 31
42	15 31 34 24
43	7 10 40 37
44	11 6 13 14
45	34 13 20 27
46	34 2 29 20
47	12 32 9 3
48	35 3 27 30
49	18 10 13 21
50	16 29 3 28
51	40 29 11 8
52	5 38 31 1
53	3 23 13 28
54	39 14 25 29
55	23 30 31 10
56	1 33 21 6
57	3 17 18 2
58	35 13 16 22
59	33 24 39 13
60	35 1 7 30
61	6 35 33 23
62	8 27 24 12
63	12 17 16 19
64	32 36 18 9
65	22 21 20 10
66	39 13 4 32
67	15 6 21 24
68	26 18 10 4
69	15 8 16 22
70	28 1 31 12
71	20 16 19 25
72	14 23 30 4
73	13 16 6 37
74	24 22 28 14
75	30 27 11 34
76	23 18 30 12
77	25 39 32 40
78	31 38 12 13
79	39 4 2 30
80	28 36 11 21
81	28 31 15 6
82	7 17 4 26
83	15 29 32 1
84	20 31 37 11
85	38 16 27 30
86	35 36 24 26
87	21 10 15 14
88	31 36 19 38
89	36 17 19 23
90	26 3 38 12
91	36 22 29 32
92	1 9 23 16
93	21 38 2 9
94	28 5 25 33
95	32 26 36 35
96	20 25 10 9
97	19 1 2 4
98	23 2 34 30
99	13 4 34 31
100	20 38 17 29
101	26 34 3 7
102	10 8 9 15
103	10 13 20 12
104	10 25 4 8
105	33 3 25 27
106	13 11 35 24
107	22 23 15 28
108	21 20 39 8
109	27 34 13 26
110	10 18 29 36
111	35 24 31 23
112	29 26 5 18
113	39 34 9 30
114	9 14 27 20
115	10 19 25 20
116	39 16 21 5
117	16 31 3 29
118	1 17 5 15
119	26 12 17 15
120	12 15 32 24
121	18 36 26 16
122	12 25 1 33
123	17 36 3 23
124	13 38 31 14
125	9 19 6 7
126	38 12 6 11
127	18 10 23 30
128	33 36 35 12
129	11 36 26 5
130	22 31 27 26
131	32 3 7 28
132	1 35 3 29
133	7 24 15 25
134	23 11 5 10
135	24 17 9 6
136	2 28 15 26
137	9 34 37 14
138	24 28 32 40
139	26 38 23 20
140	7 27 18 37
141	8 3 20 32
142	15 14 36 17
143	5 31 21 29
144	26 11 10 39
145	2 10 29 16
146	2 24 27 19
147	29 20 38 14
148	31 19 3 12
149	36 2 17 11
150	7 38 5 29
151	10 23 24 7
152	26 14 23 29
153	17 9 33 11
154	14 13 30 25
155	40 14 30 23
156	8 15 16 36
157	15 32 6 24
158	9 23 5 32
159	1 3 37 20
160	33 8 13 17
161	6 8 23 31
162	35 25 27 1
163	35 19 3 8
164	13 18 5 32
165	11 28 34 17
166	26 9 1 15
167	17 33 31 12
168	12 29 20 21
169	30 22 2 29
170	7 36 16 33
171	35 17 38 36
172	23 4 8 27
173	3 30 2 21
174	22 18 21 30
175	19 21 7 36
176	26 28 21 13
177	11 9 35 29
178	16 40 5 30
179	10 36 1 34
180	1 15 31 26
181	26 29 10 12
182	18 15 17 4
183	1 10 29 9
184	16 40 3 17
185	11 7 4 13
186	18 14 2 11
187	4 27 25 20
188	17 33 40 15
189	5 29 17 39
190	24 31 3 14
191	22 15 38 27
192	39 27 9 20
193	27 28 4 23
194	18 40 4 5
195	38 15 7 14
196	3 14 39 35
197	4 33 8 10
198	36 26 7 9
199	14 22 31 5
200	40 30 8 13
